2017 4 21 18:45:9.364
2017 4 21 18:45:9.364
2017 4 21 18:45:7.276
2017 4 21 18:45:7.276
2017 4 21 18:45:7.276
2017 4 21 18:45:15.786
2017 4 21 18:45:11.452
2017 4 21 18:45:13.698
2017 4 21 18:45:11.452
2017 4 21 18:45:13.698
2017 4 21 18:45:11.452
2017 4 21 18:45:13.698
2017 4 21 18:45:11.452
2017 4 21 18:45:11.452
2017 4 21 18:45:13.698
2017 4 21 18:45:15.786
2017 4 21 18:45:13.698
2017 4 21 18:45:15.786
2017 4 21 18:45:13.698
2017 4 21 18:45:15.786
2017 4 21 18:45:13.698
2017 4 21 18:45:15.786
2017 4 21 18:45:13.698
2017 4 21 18:45:13.698
2017 4 21 18:45:13.698
2017 4 21 18:45:11.452
2017 4 21 18:45:7.276
2017 4 21 18:45:11.452
2017 4 21 18:45:11.452
2017 4 21 18:45:11.452
