2016 5 2 15:6:26.877
2016 5 2 15:6:39.745
2016 5 2 15:6:29.487
2016 5 2 15:6:27.921
2016 5 2 15:6:28.965
2016 5 2 15:6:29.305
2016 5 2 15:6:28.443
2016 5 2 15:6:29.487
2016 5 2 15:6:29.305
2016 5 2 15:6:28.965
2016 5 2 15:6:29.487
2016 5 2 15:6:28.443
2016 5 2 15:6:29.487
2016 5 2 15:6:27.921
2016 5 2 15:6:29.487
2016 5 2 15:6:27.399
2016 5 2 15:6:26.877
2016 5 2 15:6:39.745
2016 5 2 15:6:27.399
2016 5 2 15:6:26.877
2016 5 2 15:6:39.745
2016 5 2 15:6:27.399
2016 5 2 15:6:26.877
2016 5 2 15:6:39.745
2016 5 2 15:6:26.877
2016 5 2 15:6:39.745
2016 5 2 15:6:28.965
2016 5 2 15:6:28.443
2016 5 2 15:6:29.305
2016 5 2 15:6:29.487
2016 5 2 15:6:27.399
2016 5 2 15:6:39.223
2016 5 2 15:6:28.443
2016 5 2 15:6:29.487
2016 5 2 15:6:29.305
2016 5 2 15:6:28.965
2016 5 2 15:6:29.487
2016 5 2 15:6:28.443
2016 5 2 15:6:26.877
2016 5 2 15:6:38.701
2016 5 2 15:6:27.921
2016 5 2 15:6:39.745
2016 5 2 15:6:27.399
2016 5 2 15:6:39.223
2016 5 2 15:6:27.921
2016 5 2 15:6:39.745
2016 5 2 15:6:27.399
2016 5 2 15:6:39.223
2016 5 2 15:6:27.921
2016 5 2 15:6:39.745
2016 5 2 15:6:27.399
2016 5 2 15:6:39.223
2016 5 2 15:6:27.921
2016 5 2 15:6:39.745
