2017 10 16 1:14:24.182
2017 10 16 1:14:40.886
2017 10 16 1:14:24.182
2017 10 16 1:14:40.886
2017 10 16 1:14:24.182
2017 10 16 1:14:40.886
2017 10 16 1:14:24.182
2017 10 16 1:14:40.886
2017 10 16 1:14:24.182
2017 10 16 1:14:40.886
2017 10 16 1:14:24.182
2017 10 16 1:14:40.886
2017 10 16 1:14:24.182
2017 10 16 1:14:40.886
2017 10 16 1:14:24.182
2017 10 16 1:14:40.886
2017 10 16 1:14:24.182
2017 10 16 1:14:40.886
2017 10 16 1:14:24.182
2017 10 16 1:14:40.886
2017 10 16 1:14:24.182
2017 10 16 1:14:40.886
2017 10 16 1:14:24.182
2017 10 16 1:14:40.886
2017 10 16 1:14:24.182
2017 10 16 1:14:40.886
2017 10 16 1:14:24.182
2017 10 16 1:14:40.886
2017 10 16 1:14:24.182
2017 10 16 1:14:40.886
2017 10 16 1:14:24.182
2017 10 16 1:14:40.886
2017 10 16 1:14:24.182
2017 10 16 1:14:40.886
2017 10 16 1:14:24.182
2017 10 16 1:14:40.886
2017 10 16 1:14:26.27
2017 10 16 1:14:40.886
2017 10 16 1:14:24.182
2017 10 16 1:14:38.798
2017 10 16 1:14:28.358
2017 10 16 1:14:26.27
2017 10 16 1:14:40.886
2017 10 16 1:14:28.358
2017 10 16 1:14:26.27
2017 10 16 1:14:40.886
2017 10 16 1:14:28.358
2017 10 16 1:14:26.27
2017 10 16 1:14:40.886
2017 10 16 1:14:28.358
