2020 6 25 18:24:55.1
2020 6 25 18:25:7.628
2020 6 25 18:25:7.628
2020 6 25 18:24:55.1
2020 6 25 18:25:7.628
2020 6 25 18:24:55.1
2020 6 25 18:25:7.628
2020 6 25 18:25:28.666
2020 6 25 18:25:14.05
2020 6 25 18:24:55.1
2020 6 25 18:25:7.628
2020 6 25 18:24:55.1
2020 6 25 18:25:7.628
2020 6 25 18:24:55.1
2020 6 25 18:25:7.628
2020 6 25 18:24:55.1
2020 6 25 18:25:7.628
2020 6 25 18:24:55.1
2020 6 25 18:25:7.628
2020 6 25 18:25:28.666
2020 6 25 18:25:14.05
2020 6 25 18:24:55.1
2020 6 25 18:25:7.628
2020 6 25 18:24:55.1
2020 6 25 18:25:7.628
2020 6 25 18:24:55.1
2020 6 25 18:25:7.628
2020 6 25 18:24:55.1
2020 6 25 18:25:7.628
2020 6 25 18:24:55.1
2020 6 25 18:25:7.628
2020 6 25 18:24:57.188
2020 6 25 18:25:9.716
2020 6 25 18:24:55.1
2020 6 25 18:25:5.54
2020 6 25 18:24:55.1
2020 6 25 18:25:7.628
2020 6 25 18:24:55.1
2020 6 25 18:25:7.628
2020 6 25 18:24:55.1
2020 6 25 18:25:5.54
2020 6 25 18:24:55.1
2020 6 25 18:25:5.54
2020 6 25 18:24:55.1
2020 6 25 18:25:5.54
2020 6 25 18:24:55.1
2020 6 25 18:25:5.54
2020 6 25 18:24:55.1
2020 6 25 18:25:5.54
2020 6 25 18:24:55.1
2020 6 25 18:25:5.54
2020 6 25 18:25:28.666
2020 6 25 18:25:7.628
2020 6 25 18:24:53.012
2020 6 25 18:25:3.452
2020 6 25 18:25:3.452
2020 6 25 18:24:55.1
2020 6 25 18:25:5.54
2020 6 25 18:24:55.1
2020 6 25 18:25:5.54
2020 6 25 18:24:53.012
2020 6 25 18:25:3.452
2020 6 25 18:24:53.012
2020 6 25 18:25:3.452
2020 6 25 18:24:53.012
2020 6 25 18:25:3.452
2020 6 25 18:24:53.012
2020 6 25 18:25:3.452
2020 6 25 18:25:5.54
2020 6 25 18:25:14.05
2020 6 25 18:24:53.012
2020 6 25 18:25:3.452
2020 6 25 18:24:53.012
2020 6 25 18:25:3.452
2020 6 25 18:25:24.49
2020 6 25 18:24:53.012
2020 6 25 18:25:1.364
2020 6 25 18:24:53.012
2020 6 25 18:25:3.452
2020 6 25 18:24:53.012
2020 6 25 18:25:3.452
2020 6 25 18:24:53.012
2020 6 25 18:25:3.452
2020 6 25 18:24:53.012
2020 6 25 18:25:3.452
2020 6 25 18:25:5.54
2020 6 25 18:25:14.05
2020 6 25 18:24:53.012
2020 6 25 18:25:3.452
2020 6 25 18:25:3.452
2020 6 25 18:25:24.49
2020 6 25 18:24:53.012
2020 6 25 18:25:1.364
2020 6 25 18:24:53.012
2020 6 25 18:25:3.452
2020 6 25 18:24:53.012
2020 6 25 18:25:3.452
2020 6 25 18:24:53.012
2020 6 25 18:25:1.364
2020 6 25 18:24:53.012
2020 6 25 18:25:1.364
2020 6 25 18:25:5.54
2020 6 25 18:25:14.05
2020 6 25 18:24:53.012
2020 6 25 18:25:1.364
2020 6 25 18:25:1.364
2020 6 25 18:25:24.49
2020 6 25 18:25:3.452
2020 6 25 18:24:53.012
2020 6 25 18:25:1.364
2020 6 25 18:24:53.012
2020 6 25 18:25:1.364
2020 6 25 18:24:53.012
2020 6 25 18:25:1.364
2020 6 25 18:24:53.012
2020 6 25 18:25:1.364
2020 6 25 18:24:53.012
2020 6 25 18:25:1.364
2020 6 25 18:24:53.012
2020 6 25 18:25:1.364
2020 6 25 18:24:53.012
2020 6 25 18:25:1.364
2020 6 25 18:24:53.012
2020 6 25 18:25:1.364
2020 6 25 18:24:53.012
2020 6 25 18:25:1.364
2020 6 25 18:24:53.012
2020 6 25 18:25:1.364
