2017 6 3 16:16:44.408
2017 6 3 16:16:46.496
2017 6 3 16:16:52.76
2017 6 3 16:16:56.936
2017 6 3 16:16:52.76
2017 6 3 16:16:48.584
2017 6 3 16:16:46.496
2017 6 3 16:16:46.496
2017 6 3 16:16:44.408
2017 6 3 16:16:44.408
2017 6 3 16:16:44.408
2017 6 3 16:15:31.534
2017 6 3 16:15:6.32
2017 6 3 16:15:6.32
2017 6 3 16:15:6.32
2017 6 3 16:15:6.32
2017 6 3 16:15:6.32
2017 6 3 16:15:6.32
2017 6 3 16:15:6.32
2017 6 3 16:15:6.32
2017 6 3 16:15:2.144
2017 6 3 16:15:4.232
2017 6 3 16:15:2.144
2017 6 3 16:15:2.144
2017 6 3 16:15:2.144
2017 6 3 16:15:2.144
2017 6 3 16:15:2.144
2017 6 3 16:15:4.232
2017 6 3 16:15:4.232
2017 6 3 16:15:4.232
