2017 10 14 1:14:34.364
2017 10 14 1:14:21.836
2017 10 14 1:14:26.012
2017 10 14 1:14:28.1
2017 10 14 1:14:30.188
2017 10 14 1:14:26.012
2017 10 14 1:14:30.188
2017 10 14 1:14:28.1
2017 10 14 1:14:26.012
2017 10 14 1:14:23.924
2017 10 14 1:14:21.836
2017 10 14 1:14:19.748
2017 10 14 1:14:19.748
2017 10 14 1:14:19.748
2017 10 14 1:14:28.1
2017 10 14 1:14:23.924
2017 10 14 1:14:28.1
2017 10 14 1:14:26.012
2017 10 14 1:14:23.924
2017 10 14 1:14:26.012
2017 10 14 1:14:23.924
2017 10 14 1:14:26.012
2017 10 14 1:14:23.924
2017 10 14 1:14:26.012
2017 10 14 1:13:56.622
2017 10 14 1:13:56.622
2017 10 14 1:13:56.622
2017 10 14 1:13:56.622
2017 10 14 1:13:56.622
2017 10 14 1:14:26.012
2017 10 14 1:14:19.748
2017 10 14 1:14:36.452
2017 10 14 1:14:26.012
2017 10 14 1:14:30.188
2017 10 14 1:14:26.012
2017 10 14 1:14:26.012
