01 03 2017 01 17 52.018
02 02 2018 02 55 6.0999
02 03 2017 03 32 42.005
03 07 2017 20 25 50.357
03 07 2017 22 21 22.533
03 08 2017 22 20 18.827
04 09 2017 23 28 47.313
05 08 2017 13 42 50.003
05 09 2017 03 10 46.483
06 02 2018 04 25 6.76
07 11 2017 17 19 57.093
09 07 2017 16 54 29.783
09 08 2017 16 59 17.305
10 11 2017 18 28 3.2319
11 04 2017 18 49 38.747
11 04 2017 18 54 39.275
11 07 2017 17 40 44.223
14 04 2017 16 11 6.7099
14 07 2017 16 50 40.135
16 04 2017 16 56 32.062
16 07 2017 19 28 38.915
16 10 2017 01 14 20.005
17 09 2017 16 53 49.659
19 08 2017 15 06 58.613
19 08 2017 16 52 9.7450
20 02 2017 07 26 2.7479
20 04 2017 18 20 8.4019
20 08 2017 15 26 46.745
20 10 2017 02 40 57.319
22 03 2017 17 02 54.489
23 07 2017 20 11 24.657
23 08 2017 14 41 34.789
24 04 2017 16 03 40.269
24 04 2017 17 53 57.665
24 07 2017 12 57 29.481
25 04 2017 16 24 3.6599
26 07 2017 11 50 16.827
27 01 2018 04 31 29.005
27 06 2017 22 01 43.621
28 07 2017 10 40 2.569
29 08 2017 07 20 38.657
30 01 2018 03 42 44.282
30 03 2017 20 02 24.829
31 07 2017 19 28 4.871