___________________________
[75, 7, 0, 1, 0, 0, 1] inf [1, 1, 1, 1, 1, 1, 1] :: [75, 7, 0, 1, 0, 0, 1] 0.32571428571428573 [1, 1, 1, 1, 1, 1, 1](0.32571428571428573, 0.0, 1.0857142857142856) (0.32571428571428573, 0.0, 1.0857142857142856)
___________________________
___________________________
___________________________
___________________________
[66, 43, 0, 1, 4, 5, 7] inf [1, 1, 1, 1, 1, 1, 1] :: [66, 43, 0, 1, 4, 5, 7] 0.5314285714285715 [1, 1, 1, 1, 1, 1, 1](0.5314285714285715, 0.5142857142857142, 0.05714285714285714) (0.5314285714285715, 0.5142857142857142, 0.05714285714285714)
___________________________
[45, 12, 0, 0, 1, 5, 8] inf [1, 1, 1, 1, 1, 1, 1] :: [45, 12, 0, 0, 1, 5, 8] 0.5885714285714286 [1, 1, 1, 1, 1, 1, 1](0.5885714285714286, 0.5714285714285714, 0.05714285714285714) (0.5885714285714286, 0.5714285714285714, 0.05714285714285714)
___________________________
[54, 22, 0, 2, 5, 1, 8] inf [1, 1, 1, 1, 1, 1, 1] :: [54, 22, 0, 2, 5, 1, 8] 0.6285714285714286 [1, 1, 1, 1, 1, 1, 1](0.6285714285714286, 0.6285714285714286, 0.0) (0.6285714285714286, 0.6285714285714286, 0.0)
___________________________
___________________________
[81, 1, 0, 2, 0, 2, 6] inf [1, 1, 1, 1, 1, 1, 1] :: [81, 1, 0, 2, 0, 2, 6] 0.41714285714285715 [1, 1, 1, 1, 1, 1, 1](0.41714285714285715, 0.4, 0.05714285714285714) (0.41714285714285715, 0.4, 0.05714285714285714)
___________________________
[51, 29, 1, 1, 4, 3, 7] inf [1, 1, 1, 1, 1, 1, 1] :: [51, 29, 1, 1, 4, 3, 7] 0.8571428571428571 [1, 1, 1, 1, 1, 1, 1](0.8571428571428571, 0.8571428571428571, 0.0) (0.8571428571428571, 0.8571428571428571, 0.0)
___________________________
[42, 33, 0, 1, 5, 4, 3] inf [1, 1, 1, 1, 1, 1, 1] :: [42, 33, 0, 1, 5, 4, 3] 0.72 [1, 1, 1, 1, 1, 1, 1](0.72, 0.6857142857142857, 0.11428571428571428) (0.72, 0.6857142857142857, 0.11428571428571428)
___________________________
[72, 40, 1, 3, 3, 2, 0] inf [1, 1, 1, 1, 1, 1, 1] :: [72, 40, 1, 3, 3, 2, 0] 0.8571428571428571 [1, 1, 1, 1, 1, 1, 1](0.8571428571428571, 0.8571428571428571, 0.0) (0.8571428571428571, 0.8571428571428571, 0.0)
___________________________
[39, 21, 0, 2, 6, 4, 2] inf [1, 1, 1, 1, 1, 1, 1] :: [39, 21, 0, 2, 6, 4, 2] 0.72 [1, 1, 1, 1, 1, 1, 1](0.72, 0.6857142857142857, 0.11428571428571428) (0.72, 0.6857142857142857, 0.11428571428571428)
___________________________
[44, 3, 1, 2, 2, 5, 5] inf [1, 1, 1, 1, 1, 1, 1] :: [44, 3, 1, 2, 2, 5, 5] 0.8 [1, 1, 1, 1, 1, 1, 1](0.8, 0.8, 0.0) (0.8, 0.8, 0.0)
___________________________
[40, 6, 1, 1, 2, 4, 6] inf [1, 1, 1, 1, 1, 1, 1] :: [40, 6, 1, 1, 2, 4, 6] 0.8571428571428571 [1, 1, 1, 1, 1, 1, 1](0.8571428571428571, 0.8571428571428571, 0.0) (0.8571428571428571, 0.8571428571428571, 0.0)
___________________________
[82, 68, 0, 1, 0, 3, 8] inf [1, 1, 1, 1, 1, 1, 1] :: [82, 68, 0, 1, 0, 3, 8] 0.5085714285714286 [1, 1, 1, 1, 1, 1, 1](0.5085714285714286, 0.45714285714285713, 0.17142857142857143) (0.5085714285714286, 0.45714285714285713, 0.17142857142857143)
___________________________
[24, 27, 1, 2, 4, 3, 4] inf [1, 1, 1, 1, 1, 1, 1] :: [24, 27, 1, 2, 4, 3, 4] 0.8914285714285715 [1, 1, 1, 1, 1, 1, 1](0.8914285714285715, 0.8571428571428571, 0.11428571428571428) (0.8914285714285715, 0.8571428571428571, 0.11428571428571428)
___________________________
[84, 54, 0, 0, 4, 6, 1] inf [1, 1, 1, 1, 1, 1, 1] :: [84, 54, 0, 0, 4, 6, 1] 0.7428571428571429 [1, 1, 1, 1, 1, 1, 1](0.7428571428571429, 0.7428571428571429, 0.0) (0.7428571428571429, 0.7428571428571429, 0.0)
___________________________
[73, 8, 0, 1, 0, 2, 6] inf [1, 1, 1, 1, 1, 1, 1] :: [73, 8, 0, 1, 0, 2, 6] 0.41714285714285715 [1, 1, 1, 1, 1, 1, 1](0.41714285714285715, 0.4, 0.05714285714285714) (0.41714285714285715, 0.4, 0.05714285714285714)
___________________________
___________________________
(([73, 8, 0, 1, 0, 2, 6], 0.41714285714285715, [1, 1, 1, 1, 1, 1, 1]), [([73, 8, 0, 1, 0, 2, 6], inf), ([73, 26, 0, 1, 3, 2, 6], 0.7028571428571428), ([73, 26, 0, 1, 1, 2, 6], 0.5828571428571429), ([47, 26, 0, 1, 1, 2, 6], 0.56), ([47, 26, 0, 1, 1, 2, 6], 0.56), ([47, 26, 0, 1, 0, 2, 6], 0.5542857142857143), ([60, 26, 0, 1, 0, 2, 6], 0.5028571428571429), ([73, 26, 0, 1, 0, 2, 6], 0.4685714285714285), ([73, 11, 0, 1, 0, 2, 6], 0.4342857142857143), ([73, 11, 0, 1, 0, 2, 6], 0.4342857142857143), ([73, 11, 0, 1, 0, 2, 6], 0.4342857142857143), ([73, 8, 0, 1, 0, 2, 6], 0.41714285714285715), ([73, 8, 0, 1, 0, 2, 6], 0.41714285714285715)])
___________________________
[48, 7, 0, 1, 0, 0, 0] inf [1, 1, 1, 1, 1, 1, 1] :: [48, 7, 0, 1, 0, 0, 0] 0.4742857142857143 [1, 1, 1, 1, 1, 1, 1]0.4742857142857143
___________________________
[65, 52, 0, 1, 5, 2, 7] inf [1, 1, 1, 1, 1, 1, 0] :: [65, 52, 0, 1, 5, 2, 7] 0.5714285714285714 [1, 1, 1, 1, 1, 1, 0]0.5714285714285714
___________________________
___________________________
___________________________
[72, 66, 2, 1, 2, 4, 8] inf [30, 26, 1, 1, 2, 3, 2] :: [72, 66, 0, 1, 0, 4, 8] 0.4685714285714285 [1, 1, 1, 1, 1, 1, 1]0.4685714285714285
(([72, 66, 0, 1, 0, 4, 8], 0.4685714285714285, [1, 1, 1, 1, 1, 1, 1]), [([72, 66, 0, 1, 0, 4, 8], inf), ([72, 66, 1, 1, 2, 4, 8], 0.8571428571428571), ([72, 66, 0, 1, 2, 4, 8], 0.5485714285714286), ([72, 66, 0, 1, 0, 4, 8], 0.4685714285714285), ([72, 66, 0, 1, 0, 4, 8], 0.4685714285714285), ([72, 66, 0, 1, 0, 4, 8], 0.4685714285714285), ([72, 66, 0, 1, 0, 4, 8], 0.4685714285714285), ([72, 66, 0, 1, 0, 4, 8], 0.4685714285714285)])
___________________________
[31, 20, 1, 0, 3, 1, 0] inf [28, 30, 1, 1, 3, 3, 2] :: [59, 5, 0, 1, 0, 1, 0] 0.4742857142857143 [1, 1, 1, 1, 1, 1, 1]0.4742857142857143
___________________________
[49, 17, 0, 1, 4, 3, 7] inf [28, 30, 1, 1, 3, 3, 2] :: [77, 47, 0, 1, 4, 3, 7] 0.5714285714285714 [1, 1, 1, 1, 1, 1, 1]0.5714285714285714
___________________________
[47, 41, 1, 0, 5, 3, 0] inf [27, 30, 1, 1, 3, 3, 1] :: [47, 41, 0, 1, 5, 6, 1] 0.5885714285714286 [1, 1, 1, 1, 1, 1, 1]0.5885714285714286
___________________________
[38, 38, 2, 1, 6, 2, 2] inf [25, 26, 1, 1, 3, 2, 0] :: [38, 38, 2, 1, 6, 2, 2] inf [1, 1, 1, 1, 1, 1, 0]inf
___________________________
[70, 37, 1, 0, 4, 2, 8] inf [24, 26, 1, 1, 3, 2, 0] :: [70, 37, 0, 0, 1, 2, 8] 0.5314285714285715 [1, 1, 1, 1, 1, 1, 0]0.5314285714285715
___________________________
[83, 3, 1, 1, 4, 3, 0] inf [24, 25, 1, 1, 3, 2, -1] :: [59, 3, 0, 2, 4, 5, -1] 0.5142857142857142 [1, 1, 1, 1, 1, 1, 1]0.5142857142857142
___________________________
___________________________
[73, 8, 0, 1, 0, 2, 6] inf [30, 30, 1, 1, 3, 3, 3] :: [43, 8, 0, 2, 4, 1, 6] 0.18857142857142856 [1, 1, 1, 1, 1, 1, 1]0.18857142857142856
[41, 27, 0, 1, 1, 2, 1] inf [30, 29, 1, 1, 3, 3, 3] :: [71, 13, 0, 1, 0, 0, 1] 0.14857142857142858 [1, 1, 1, 1, 1, 1, 1]0.14857142857142858
___________________________
[72, 17, 1, 3, 6, 6, 1] inf [30, 28, 1, 1, 2, 3, 3] :: [72, 17, 0, 3, 5, 6, 1] 0.26285714285714284 [1, 1, 1, 1, 1, 1, 1]0.26285714285714284
___________________________
[76, 4, 2, 1, 6, 0, 2] inf [27, 28, 1, 1, 1, 2, 3] :: [76, 4, 2, 1, 6, 0, 2] inf [1, 1, 1, 1, 1, 1, 1]inf
___________________________
[40, 25, 0, 2, 6, 0, 8] inf [27, 28, 1, 1, 0, 2, 3] :: [40, 25, 0, 2, 6, 2, 8] 0.3771428571428571 [27, 28, 1, 1, 0, 2, 3]0.3771428571428571
___________________________
[65, 18, 0, 2, 2, 2, 3] inf [27, 28, 1, 1, -1, 1, 3] :: [65, 18, 0, 2, 2, 1, 3] 0.26285714285714284 [27, 28, 1, 1, -1, 1, 3]0.26285714285714284
___________________________
[56, 24, 0, 3, 5, 0, 3] inf [26, 28, 1, 1, -1, 0, 3] :: [56, 24, 0, 3, 4, 0, 3] 0.41714285714285715 [26, 28, 1, 1, -1, 0, 3]0.41714285714285715
___________________________
[56, 7, 0, 3, 3, 3, 6] inf [24, 28, 1, 1, -1, 0, 2] :: [56, 7, 0, 3, 4, 3, 6] 0.2457142857142857 [24, 28, 1, 1, -1, 0, 2]0.2457142857142857
___________________________
[59, 9, 0, 0, 5, 5, 7] inf [24, 28, 1, 1, -1, 0, 1] :: [59, 9, 0, 1, 5, 5, 7] 0.2857142857142857 [24, 28, 1, 1, -1, 0, 1]0.2857142857142857
___________________________
[71, 45, 1, 2, 2, 1, 0] inf [24, 24, 1, 1, -2, -1, 1] :: [71, 45, 0, 2, 2, 1, 0] 0.26285714285714284 [24, 24, 1, 1, -2, -1, 1]0.26285714285714284
___________________________
