Même que 2.1 avec canal max 32 = 32 et canal max 16 = 16
___________________________
[32, 30, 0, 4, 4] inf [30, 27, 1, 3, 2] :: [77, 57, 2, 4, 5] 0.21304347826086958 [1, 1, 1, 1, 1]0.21304347826086958
___________________________
[81, 43, 0, 5, 3] inf [27, 30, 1, 3, 2] :: [74, 36, 1, 2, 3] 0.19999999999999998 [1, 1, 1, 1, 1]0.19999999999999998
___________________________
[84, 58, 3, 5, 6] inf [30, 30, 1, 3, 3] :: [54, 58, 3, 5, 6] 0.2565217391304348 [1, 1, 1, 1, 1]0.2565217391304348
___________________________
[86, 32, 2, 4, 1] inf [27, 30, 1, 3, 2] :: [86, 32, 1, 1, 1] 0.18695652173913044 [1, 1, 1, 1, 1]0.18695652173913044
___________________________
[39, 9, 1, 6, 0] inf [30, 29, 1, 3, 2] :: [69, 9, 3, 0, 0] 0.1391304347826087 [1, 1, 1, 1, 1]0.1391304347826087
___________________________
[29, 13, 3, 6, 4] inf [30, 30, 1, 3, 2] :: [35, 18, 2, 5, 6] 0.22608695652173913 [1, 1, 1, 1, 1]0.22608695652173913
___________________________
[80, 28, 0, 4, 0] inf [28, 30, 1, 3, 2] :: [87, 58, 1, 1, 0] 0.18695652173913044 [1, 1, 1, 1, 1]0.18695652173913044
___________________________
[43, 1, 0, 6, 5] inf [30, 27, 1, 3, 2] :: [73, 22, 2, 2, 3] 0.21304347826086958 [1, 1, 1, 1, 1]0.21304347826086958
___________________________
[72, 5, 0, 0, 1] inf [27, 30, 1, 3, 2] :: [72, 20, 1, 0, 1] 0.1391304347826087 [1, 1, 1, 1, 1]0.1391304347826087
___________________________
[69, 47, 1, 4, 2] inf [29, 30, 1, 3, 2] :: [83, 47, 1, 1, 0] 0.18695652173913044 [1, 1, 1, 1, 1]0.18695652173913044
___________________________
[49, 37, 1, 2, 1] inf [30, 30, 1, 3, 2] :: [71, 37, 1, 2, 3] 0.19999999999999998 [1, 1, 1, 1, 1]0.19999999999999998
___________________________
[85, 40, 3, 2, 3] inf [30, 30, 1, 3, 3] :: [70, 33, 1, 2, 3] 0.19999999999999998 [1, 1, 1, 1, 1]0.19999999999999998
___________________________
