20 02 2017 07 26 2.748 
28 02 2017 02 51 49.37 
01 03 2017 01 17 56.352 
01 03 2017 20 42 51.98 
01 03 2017 20 44 19.968 
02 03 2017 03 32 42.006 
05 03 2017 18 26 31.044 
06 03 2017 00 06 25.326 
07 03 2017 04 22 23.49 
07 03 2017 04 22 57.056 
22 03 2017 17 02 54.49 
22 03 2017 18 56 11.358 
22 03 2017 19 12 23.886 
28 03 2017 00 46 14.314 
29 03 2017 17 43 58.578 
30 03 2017 20 02 24.83 
30 03 2017 20 03 19.276 
04 04 2017 08 41 55.748 
11 04 2017 18 49 38.748 
11 04 2017 18 54 41.364 
11 04 2017 18 57 41.018 
16 04 2017 16 56 32.062 
20 04 2017 12 44 3.182 
20 04 2017 18 20 8.402 
20 04 2017 18 20 54.836 
20 04 2017 18 22 3.534 
20 04 2017 18 22 51.352 
21 04 2017 16 55 38.22 
22 04 2017 08 33 32.49 
24 04 2017 06 31 39.27 
24 04 2017 14 14 13.848 
24 04 2017 16 03 42.358 
24 04 2017 16 04 44.792 
24 04 2017 16 05 49.836 
24 04 2017 17 53 57.666 
24 04 2017 17 54 31.232 
24 04 2017 17 55 37.842 
24 04 2017 19 49 7.056 
25 04 2017 16 26 3.66 
27 05 2017 23 00 48.27 
28 05 2017 08 40 53.062 
11 06 2017 20 58 36.842 
19 06 2017 04 13 9.578 
21 06 2017 21 40 58.238 
22 06 2017 03 23 33.496 
22 06 2017 03 24 25.49 
27 06 2017 22 01 43.622 
01 07 2017 17 46 25.232 
03 07 2017 20 25 50.358 
03 07 2017 22 21 22.534 
09 07 2017 16 54 30.827 
11 07 2017 17 42 45.267 
14 07 2017 16 52 40.135 
23 07 2017 20 12 3.965 
24 07 2017 12 57 30.525 
25 07 2017 20 55 12.179 
25 07 2017 20 56 19.833 
26 07 2017 11 50 18.915 
31 07 2017 19 28 6.959 
03 08 2017 22 22 18.827 
05 08 2017 13 44 51.569 
11 08 2017 19 38 57.135 
19 08 2017 15 06 58.613 
19 08 2017 16 53 17.915 
20 08 2017 15 26 46.745 
20 08 2017 17 17 25.701 
23 08 2017 14 41 34.789 
02 09 2017 05 54 24.484 
05 09 2017 02 26 18.66 
05 09 2017 02 27 25.792 
05 09 2017 03 10 46.484 
05 09 2017 09 53 4.132 
08 09 2017 11 46 35.238 
08 09 2017 14 50 28.792 
08 09 2017 17 32 45.962 
11 09 2017 03 26 6.584 
12 09 2017 22 36 56.188 
14 09 2017 21 27 15.496 
14 09 2017 21 28 56.012 
16 09 2017 03 19 18.314 
16 09 2017 05 11 50.358 
16 09 2017 05 13 21.842 
18 09 2017 08 02 9.622 
13 10 2017 14 58 42.578 
13 10 2017 17 43 34.71 
13 10 2017 18 50 23.062 
16 10 2017 01 14 24.182 
17 10 2017 04 03 41.144 
19 10 2017 06 43 23.062 
19 10 2017 06 44 8.792 
19 10 2017 10 28 7.226 
20 10 2017 02 41 4.396 
20 10 2017 03 16 12.742 
20 10 2017 03 17 13.452 
20 10 2017 05 10 57.578 
20 10 2017 05 12 27.314 
20 10 2017 07 05 35.83 
21 10 2017 07 27 22.842 
22 10 2017 02 17 23.15 
24 10 2017 22 49 42.54 
25 10 2017 21 18 26.754 
27 10 2017 05 52 23.182 
02 11 2017 00 40 34.886 
02 11 2017 23 05 47.15 
07 11 2017 17 19 57.094 
08 11 2017 00 11 47.314 
08 12 2017 02 37 28.188 
08 12 2017 02 38 34.798 
08 12 2017 06 18 47.484 
09 12 2017 02 56 43.572 
09 12 2017 06 40 41.848 
09 12 2017 23 39 25.276 
10 12 2017 01 26 5.006 
10 12 2017 01 28 8.672 
10 12 2017 05 06 49.012 
10 12 2017 08 55 10.754 
10 12 2017 20 16 38.698 
10 12 2017 22 07 38.83 
11 12 2017 00 00 47.71 
11 12 2017 01 42 1.968 
11 12 2017 01 44 11.352 
11 12 2017 01 45 45.106 
11 12 2017 05 28 11.874 
11 12 2017 09 17 18.848 
11 12 2017 09 18 40.05 
11 12 2017 11 12 18.66 
11 12 2017 11 47 0.704 
11 12 2017 16 52 39.314 
11 12 2017 20 36 36.502 
11 12 2017 22 26 50.968 
12 12 2017 00 17 40.138 
12 12 2017 02 00 10.968 
12 12 2017 02 01 15.49 
12 12 2017 02 02 12.182 
12 12 2017 05 47 19.654 
12 12 2017 09 39 56.264 
12 12 2017 11 33 2.352 
12 12 2017 13 26 55.804 
12 12 2017 13 28 57.358 
12 12 2017 18 49 22.936 
12 12 2017 22 49 11.226 
13 12 2017 00 37 16.446 
13 12 2017 02 24 38.704 
13 12 2017 06 11 19.364 
13 12 2017 10 01 23.528 
13 12 2017 11 57 4.238 
13 12 2017 13 33 29.748 
13 12 2017 21 21 9.754 
14 12 2017 00 51 56.314 
14 12 2017 01 00 15.446 
14 12 2017 08 29 24.144 
14 12 2017 08 29 58.188 
14 12 2017 08 31 2.71 
15 12 2017 01 19 11.018 
15 12 2017 01 22 38.132 
15 12 2017 06 57 50.654 
15 12 2017 08 51 17.804 
16 12 2017 01 39 57.182 
16 12 2017 05 25 53.88 
16 12 2017 09 13 34.704 
17 12 2017 00 13 35.886 
17 12 2017 00 14 36.572 
17 12 2017 00 15 43.182 
17 12 2017 02 02 23.182 
17 12 2017 05 46 54.276 
17 12 2017 11 29 54.974 
18 12 2017 00 34 4.006 
18 12 2017 06 10 25.182 
18 12 2017 23 07 28.572 
19 12 2017 00 57 18.666 
19 12 2017 00 58 19.012 
19 12 2017 04 37 20.006 
20 12 2017 01 18 6.012 
20 12 2017 04 59 26.056 
20 12 2017 20 06 12.094 
20 12 2017 21 57 3.056 
20 12 2017 23 46 11.144 
11 01 2018 18 39 35.792 
12 01 2018 04 36 27.446 
13 01 2018 12 38 18.452 
13 01 2018 20 00 57.886 
16 01 2018 00 12 45.182 
18 01 2018 00 55 17.018 
27 01 2018 00 45 47.106 
27 01 2018 04 31 29.006 
28 01 2018 01 05 57.32 
30 01 2018 03 42 44.282 
31 01 2018 22 20 55.238 
02 02 2018 02 55 6.1 
02 02 2018 18 31 17.974 
03 02 2018 02 00 38.836 
03 02 2018 15 12 35.182 
03 02 2018 22 39 37.924 
04 02 2018 02 22 14.792 
04 02 2018 04 15 11.484 
04 02 2018 17 24 36.798 
04 02 2018 21 08 4.458 
05 02 2018 00 51 22.358 
05 02 2018 04 37 39.71 
05 02 2018 04 38 10.666 
05 02 2018 04 38 42.144 
05 02 2018 12 11 59.874 
05 02 2018 14 03 5.452 
06 02 2018 04 25 6.76 
06 02 2018 04 59 33.188 
06 02 2018 05 03 45.874 
06 02 2018 08 49 17.358 
06 02 2018 10 42 17.704 
07 02 2018 01 34 32.936 
07 02 2018 05 21 56.012 
07 02 2018 07 18 55.314 
07 02 2018 09 11 6.798 
07 02 2018 12 54 26.062 
07 02 2018 14 47 23.798 
07 02 2018 22 13 2.886 
08 02 2018 01 56 8.1 
08 02 2018 05 44 22.534 
08 02 2018 05 48 21.15 
08 02 2018 07 41 16.616 
08 02 2018 07 42 44.446 
08 02 2018 09 32 50.314 
08 02 2018 13 16 47.364 
08 02 2018 21 54 46.628 
09 02 2018 02 18 24.182 
09 02 2018 02 22 45.062 
09 02 2018 08 01 24.358 
09 02 2018 11 46 14.062 
09 02 2018 13 38 1.012 
09 02 2018 17 18 7.094 
10 02 2018 00 46 52.1 
10 02 2018 02 39 33.836 
10 02 2018 02 44 59.396 
10 02 2018 06 29 7.886 
10 02 2018 06 31 9.1 
10 02 2018 08 23 55.874 
10 02 2018 10 16 0.094 
10 02 2018 13 57 9.836 
10 02 2018 13 59 40.282 
10 02 2018 23 16 0.754 
11 02 2018 03 01 32.396 
11 02 2018 03 03 8.396 
11 02 2018 03 05 1.622 
11 02 2018 03 05 49.282 
11 02 2018 03 06 24.936 
11 02 2018 06 51 25.578 
11 02 2018 08 45 17.396 
11 02 2018 10 37 22.094 
11 02 2018 23 39 10.396 
12 02 2018 05 18 50.358 
12 02 2018 05 22 23.578 
12 02 2018 05 22 55.056 
12 02 2018 07 14 45.66 
12 02 2018 09 06 45.094 
12 02 2018 10 58 42.484 
12 02 2018 22 08 47.83 
13 02 2018 01 52 20.006 
13 02 2018 05 41 12.66 
13 02 2018 05 45 19.446 
13 02 2018 07 36 13.88 
13 02 2018 09 28 9.182 
13 02 2018 09 29 18.402 
14 02 2018 00 22 7.062 
14 02 2018 00 22 39.018 
14 02 2018 00 23 11.584 
14 02 2018 00 24 51.578 
14 02 2018 02 14 37.974 
14 02 2018 02 15 8.452 
14 02 2018 02 17 18.018 
14 02 2018 02 18 22.54 
14 02 2018 02 18 55.018 
14 02 2018 04 13 36.924 
14 02 2018 06 03 30.49 
14 02 2018 06 07 44.924 
14 02 2018 09 49 35.22 
14 02 2018 11 40 29.836 
15 02 2018 02 36 36.83 
15 02 2018 02 37 33.364 
15 02 2018 02 38 4.842 
15 02 2018 02 38 36.32 
15 02 2018 02 39 11.452 
15 02 2018 06 25 42.282 
15 02 2018 16 55 13.698 
15 02 2018 16 56 22.396 
16 02 2018 03 00 5.308 
16 02 2018 03 00 36.786 
16 02 2018 04 56 6.874 
16 02 2018 06 47 45.314 
