2017 2 20 7:26:2.748
2017 2 28 2:51:49.37
2017 3 1 1:17:56.352
2017 3 1 20:42:51.98
2017 3 1 20:44:19.968
2017 3 2 3:32:42.006
2017 3 5 18:26:31.044
2017 3 6 0:6:25.326
2017 3 7 4:22:23.49
2017 3 7 4:22:57.056
2017 3 22 17:2:54.49
2017 3 22 18:56:11.358
2017 3 22 18:56:19.71
2017 3 22 19:12:23.886
2017 3 28 0:46:14.314
2017 3 29 17:43:58.578
2017 3 30 20:2:24.83
2017 3 30 20:2:37.358
2017 3 30 20:3:19.276
2017 4 4 8:41:55.748
2017 4 11 18:49:38.748
2017 4 11 18:49:59.786
2017 4 11 18:54:41.364
2017 4 11 18:57:41.018
2017 4 16 16:56:32.062
2017 4 20 12:44:3.182
2017 4 20 18:20:8.402
2017 4 20 18:20:29.282
2017 4 20 18:20:54.836
2017 4 20 18:21:3.188
2017 4 20 18:22:3.534
2017 4 20 18:22:51.352
2017 4 20 18:22:59.704
2017 4 21 16:55:38.22
2017 4 22 8:33:32.49
2017 4 24 6:31:39.27
2017 4 24 14:14:13.848
2017 4 24 16:3:42.358
2017 4 24 16:4:44.792
2017 4 24 16:5:49.836
2017 4 24 16:6:6.54
2017 4 24 17:53:57.666
2017 4 24 17:54:31.232
2017 4 24 17:55:37.842
2017 4 24 19:49:7.056
2017 4 25 16:26:3.66
2017 5 27 23:0:48.27
2017 5 28 8:40:53.062
2017 6 11 20:58:36.842
2017 6 19 4:13:9.578
2017 6 21 21:40:58.238
2017 6 22 3:23:33.496
2017 6 22 3:23:54.534
2017 6 22 3:24:25.49
2017 6 27 22:1:43.622
2017 7 1 17:46:25.232
2017 7 3 20:25:50.358
2017 7 3 22:21:22.534
2017 7 9 16:54:30.827
2017 7 11 17:42:45.267
2017 7 14 16:52:40.135
2017 7 23 20:12:3.965
2017 7 24 12:57:30.525
2017 7 25 20:55:12.179
2017 7 25 20:56:19.833
2017 7 25 20:56:21.921
2017 7 26 11:50:18.915
2017 7 31 19:28:6.959
2017 8 3 22:22:18.827
2017 8 5 13:44:51.569
2017 8 11 19:38:57.135
2017 8 19 15:6:58.613
2017 8 19 16:53:17.915
2017 8 20 15:26:46.745
2017 8 20 17:17:25.701
2017 8 23 14:41:34.789
2017 9 2 5:54:24.484
2017 9 5 2:26:18.66
2017 9 5 2:27:25.792
2017 9 5 3:10:46.484
2017 9 5 9:53:4.132
2017 9 8 11:46:35.238
2017 9 8 14:50:28.792
2017 9 8 17:32:45.962
2017 9 11 3:26:6.584
2017 9 12 22:36:56.188
2017 9 14 21:27:15.496
2017 9 14 21:28:56.012
2017 9 16 3:19:18.314
2017 9 16 5:11:50.358
2017 9 16 5:12:4.974
2017 9 16 5:13:21.842
2017 9 18 8:2:9.622
2017 10 13 14:58:42.578
2017 10 13 17:43:34.71
2017 10 13 18:50:23.062
2017 10 16 1:14:24.182
2017 10 16 1:14:40.886
2017 10 17 4:3:41.144
2017 10 19 6:43:23.062
2017 10 19 6:44:8.792
2017 10 19 10:28:7.226
2017 10 20 2:41:4.396
2017 10 20 3:16:12.742
2017 10 20 3:16:42.132
2017 10 20 3:17:13.452
2017 10 20 5:10:57.578
2017 10 20 5:12:27.314
2017 10 20 7:5:35.83
2017 10 21 7:27:22.842
2017 10 22 2:17:23.15
2017 10 24 22:49:42.54
2017 10 25 21:18:26.754
2017 10 27 5:52:23.182
2017 11 2 0:40:34.886
2017 11 2 23:5:47.15
2017 11 7 17:19:57.094
2017 11 8 0:11:47.314
2017 12 8 2:37:28.188
2017 12 8 2:38:34.798
2017 12 8 6:18:47.484
2017 12 9 2:56:43.572
2017 12 9 2:57:8.628
2017 12 9 6:40:41.848
2017 12 9 23:39:25.276
2017 12 10 1:26:5.006
2017 12 10 1:26:30.062
2017 12 10 1:28:8.672
2017 12 10 5:6:49.012
2017 12 10 8:55:10.754
2017 12 10 20:16:38.698
2017 12 10 22:7:38.83
2017 12 11 0:0:47.71
2017 12 11 1:42:1.968
2017 12 11 1:44:11.352
2017 12 11 1:44:28.056
2017 12 11 1:45:45.106
2017 12 11 5:28:11.874
2017 12 11 9:17:18.848
2017 12 11 9:18:40.05
2017 12 11 11:12:18.66
2017 12 11 11:47:0.704
2017 12 11 16:52:39.314
2017 12 11 20:36:36.502
2017 12 11 22:26:50.968
2017 12 12 0:17:40.138
2017 12 12 2:0:10.968
2017 12 12 2:1:15.49
2017 12 12 2:2:12.182
2017 12 12 5:47:19.654
2017 12 12 9:39:56.264
2017 12 12 11:33:2.352
2017 12 12 13:26:55.804
2017 12 12 13:28:57.358
2017 12 12 18:49:22.936
2017 12 12 22:49:11.226
2017 12 13 0:37:16.446
2017 12 13 2:24:38.704
2017 12 13 6:11:19.364
2017 12 13 10:1:23.528
2017 12 13 11:57:4.238
2017 12 13 13:33:29.748
2017 12 13 21:21:9.754
2017 12 14 0:51:56.314
2017 12 14 1:0:15.446
2017 12 14 8:29:24.144
2017 12 14 8:29:45.66
2017 12 14 8:29:58.188
2017 12 14 8:31:2.71
2017 12 15 1:19:11.018
2017 12 15 1:22:38.132
2017 12 15 1:22:46.484
2017 12 15 6:57:50.654
2017 12 15 8:51:17.804
2017 12 16 1:39:57.182
2017 12 16 1:40:18.062
2017 12 16 5:25:53.88
2017 12 16 9:13:34.704
2017 12 17 0:13:35.886
2017 12 17 0:14:36.572
2017 12 17 0:15:43.182
2017 12 17 2:2:23.182
2017 12 17 5:46:54.276
2017 12 17 11:29:54.974
2017 12 17 11:30:5.414
2017 12 18 0:34:4.006
2017 12 18 6:10:25.182
2017 12 18 23:7:28.572
2017 12 19 0:57:18.666
2017 12 19 0:57:31.194
2017 12 19 0:58:19.012
2017 12 19 4:37:20.006
2017 12 20 1:18:6.012
2017 12 20 4:59:26.056
2017 12 20 20:6:12.094
2017 12 20 21:57:3.056
2017 12 20 23:46:11.144
2018 1 11 18:39:35.792
2018 1 12 4:36:27.446
2018 1 13 12:38:18.452
2018 1 13 20:0:57.886
2018 1 16 0:12:45.182
2018 1 18 0:55:17.018
2018 1 27 0:45:47.106
2018 1 27 4:31:29.006
2018 1 28 1:5:57.32
2018 1 30 3:42:44.282
2018 1 31 22:20:55.238
2018 2 2 2:55:6.1
2018 2 2 18:31:17.974
2018 2 3 2:0:38.836
2018 2 3 15:12:35.182
2018 2 3 22:39:37.924
2018 2 4 2:22:14.792
2018 2 4 4:15:11.484
2018 2 4 17:24:36.798
2018 2 4 21:8:4.458
2018 2 5 0:51:22.358
2018 2 5 4:37:39.71
2018 2 5 4:38:10.666
2018 2 5 4:38:42.144
2018 2 5 12:11:59.874
2018 2 5 14:3:5.452
2018 2 6 4:25:6.76
2018 2 6 4:59:33.188
2018 2 6 5:3:45.874
2018 2 6 8:49:17.358
2018 2 6 10:42:17.704
2018 2 7 1:34:32.936
2018 2 7 5:21:56.012
2018 2 7 7:18:55.314
2018 2 7 9:11:6.798
2018 2 7 12:54:26.062
2018 2 7 14:47:23.798
2018 2 7 22:13:2.886
2018 2 8 1:56:8.1
2018 2 8 5:44:22.534
2018 2 8 5:48:21.15
2018 2 8 7:41:16.616
2018 2 8 7:41:35.408
2018 2 8 7:42:44.446
2018 2 8 9:32:50.314
2018 2 8 13:16:47.364
2018 2 8 21:54:46.628
2018 2 9 2:18:24.182
2018 2 9 2:22:45.062
2018 2 9 8:1:24.358
2018 2 9 11:46:14.062
2018 2 9 13:38:1.012
2018 2 9 17:18:7.094
2018 2 10 0:46:52.1
2018 2 10 2:39:33.836
2018 2 10 2:44:59.396
2018 2 10 6:29:7.886
2018 2 10 6:31:9.1
2018 2 10 6:31:17.452
2018 2 10 8:23:55.874
2018 2 10 10:16:0.094
2018 2 10 10:16:14.71
2018 2 10 13:57:9.836
2018 2 10 13:59:40.282
2018 2 10 23:16:0.754
2018 2 11 3:1:32.396
2018 2 11 3:3:8.396
2018 2 11 3:3:27.188
2018 2 11 3:5:1.622
2018 2 11 3:5:20.05
2018 2 11 3:5:49.282
2018 2 11 3:6:24.936
2018 2 11 6:51:25.578
2018 2 11 8:45:17.396
2018 2 11 10:37:22.094
2018 2 11 23:39:10.396
2018 2 12 5:18:50.358
2018 2 12 5:22:23.578
2018 2 12 5:22:55.056
2018 2 12 7:14:45.66
2018 2 12 9:6:45.094
2018 2 12 10:58:42.484
2018 2 12 22:8:47.83
2018 2 13 1:52:20.006
2018 2 13 1:52:47.15
2018 2 13 5:41:12.66
2018 2 13 5:45:19.446
2018 2 13 7:36:13.88
2018 2 13 9:28:9.182
2018 2 13 9:29:18.402
2018 2 14 0:22:7.062
2018 2 14 0:22:39.018
2018 2 14 0:23:11.584
2018 2 14 0:24:51.578
2018 2 14 2:14:37.974
2018 2 14 2:14:55.924
2018 2 14 2:15:8.452
2018 2 14 2:17:18.018
2018 2 14 2:18:22.54
2018 2 14 2:18:55.018
2018 2 14 4:13:36.924
2018 2 14 6:3:30.49
2018 2 14 6:7:44.924
2018 2 14 9:49:35.22
2018 2 14 9:49:47.748
2018 2 14 11:40:29.836
2018 2 15 2:36:36.83
2018 2 15 2:36:59.798
2018 2 15 2:37:33.364
2018 2 15 2:37:52.314
2018 2 15 2:38:4.842
2018 2 15 2:38:36.32
2018 2 15 2:38:52.66
2018 2 15 2:39:11.452
2018 2 15 6:25:42.282
2018 2 15 16:55:13.698
2018 2 15 16:56:22.396
2018 2 16 3:0:5.308
2018 2 16 3:0:36.786
2018 2 16 4:56:6.874
2018 2 16 6:47:45.314
2018 2 16 8:43:29.836
