2017 2 16 15:19:25.484
2017 2 16 20:56:43.534
2017 2 16 23:34:43.364
2017 2 16 23:35:2.314
2017 2 16 23:35:16.93
2017 2 17 0:40:30.848
2017 2 17 3:24:54.836
2017 2 17 5:17:39.704
2017 2 17 8:16:36.886
2017 2 17 21:19:42.918
2017 2 18 1:6:48.836
2017 2 20 4:29:26.798
2017 2 20 7:26:4.836
2017 2 21 23:30:27.49
2017 2 22 3:21:27.144
2017 2 24 2:13:26.446
2017 2 24 4:5:0.144
2017 2 28 2:51:56.132
2017 3 1 1:17:54.106
2017 3 1 1:19:44.88
2017 3 1 1:20:12.182
2017 3 1 2:4:45.27
2017 3 1 2:4:57.798
2017 3 1 10:35:18.1
2017 3 1 12:30:47.282
2017 3 1 16:58:33.188
2017 3 1 17:1:1.704
2017 3 2 3:32:44.094
2017 3 3 2:51:4.396
2017 3 5 18:24:58.88
2017 3 5 18:26:35.22
2017 3 7 2:24:25.93
2017 3 9 0:27:32.874
2017 3 9 14:18:35.66
2017 3 10 1:36:8.326
2017 3 10 1:36:18.402
2017 3 11 20:37:16.848
2017 3 12 0:26:7.276
2017 3 12 13:30:12.27
2017 3 12 13:33:49.848
2017 3 15 16:30:29.188
2017 3 15 22:5:14.226
2017 3 15 22:7:46.76
2017 3 16 0:4:14.924
2017 3 16 0:6:9.716
2017 3 21 0:1:17.918
2017 3 21 0:2:41.232
2017 3 21 11:7:9.534
2017 3 21 11:8:24.496
2017 3 21 11:10:17.358
2017 3 21 14:46:51.446
2017 3 21 14:47:12.484
2017 3 21 14:47:25.012
2017 3 21 15:1:13.88
2017 3 21 20:28:5.704
2017 3 21 20:33:14.402
2017 3 22 17:2:58.666
2017 3 23 23:18:6.54
2017 3 23 23:18:42.534
2017 3 25 10:41:37.88
2017 3 26 0:0:14.364
2017 3 26 22:22:23.842
2017 3 26 22:31:36.534
2017 3 27 0:19:30.748
2017 3 27 20:59:41.484
2017 3 28 15:42:42.276
2017 3 28 21:24:12.534
2017 3 29 17:44:4.842
2017 3 30 20:2:26.918
2017 3 30 20:3:15.1
2017 3 30 20:5:47.27
2017 3 30 20:6:53.88
2017 4 1 9:26:33.572
2017 4 1 9:27:46.446
2017 4 1 9:31:32.012
2017 4 1 9:32:9.572
2017 4 2 21:18:31.012
2017 4 4 8:44:0.98
2017 4 4 20:8:30.848
2017 4 4 20:9:12.402
2017 4 4 20:9:50.144
2017 4 4 20:10:4.76
2017 4 5 9:6:38.44
2017 4 5 14:37:1.804
2017 4 5 16:45:14.49
2017 4 5 20:31:8.012
2017 4 8 19:44:13.836
2017 4 8 23:24:5.484
2017 4 8 23:24:22.188
2017 4 10 14:47:31.402
2017 4 10 16:41:40.924
2017 4 10 20:19:31.88
2017 4 10 20:25:51.364
2017 4 11 18:49:38.748
2017 4 11 18:50:14.402
2017 4 11 18:54:41.364
2017 4 14 13:11:48.842
2017 4 16 16:56:32.062
2017 4 16 16:57:13.798
2017 4 17 17:18:3.798
2017 4 18 17:42:2.326
2017 4 19 18:5:4.138
2017 4 19 19:55:17.88
2017 4 20 12:44:3.182
2017 4 20 18:20:27.194
2017 4 20 18:21:5.276
2017 4 20 18:22:3.534
2017 4 20 18:22:37.1
2017 4 20 18:24:8.924
2017 4 21 16:55:40.308
2017 4 21 18:47:14.754
2017 4 22 5:48:56.496
2017 4 22 5:53:48.49
2017 4 22 7:42:24.144
2017 4 24 14:14:53.314
2017 4 24 16:3:31.918
2017 4 24 16:8:43.408
2017 4 24 17:54:27.056
2017 4 24 17:55:35.754
2017 4 24 19:46:28.622
2017 4 24 19:47:2.188
2017 4 24 19:48:15.062
2017 4 24 19:48:48.628
2017 4 25 14:37:9.918
2017 4 25 16:26:5.748
2017 4 25 18:18:13.578
2017 4 26 14:54:52.276
2017 4 26 18:36:48.226
2017 5 4 7:18:9.836
2017 5 4 7:18:37.138
2017 5 5 6:48:28.71
2017 5 5 6:48:39.308
2017 5 5 6:52:14.276
2017 5 7 4:37:17.534
2017 5 7 4:37:59.452
2017 5 7 4:39:3.974
2017 5 7 6:25:58.93
2017 5 7 6:34:26.232
2017 5 7 8:21:11.496
2017 5 10 8:40:42.886
2017 5 11 10:58:3.798
2017 5 14 5:13:12.584
2017 5 14 5:20:19.886
2017 5 14 7:5:50.006
2017 5 14 7:7:38.534
2017 5 14 7:15:36.106
2017 5 14 10:12:23.358
2017 5 14 12:55:51.314
2017 5 15 3:44:20.364
2017 5 15 3:49:21.232
2017 5 15 7:28:4.886
2017 5 15 13:10:44.32
2017 5 16 2:14:58.188
2017 5 16 2:15:19.226
2017 5 16 2:15:38.018
2017 5 16 2:18:35.22
2017 5 16 2:19:23.402
2017 5 17 10:16:38.188
2017 5 17 10:16:50.716
2017 5 17 10:17:11.232
2017 5 18 3:3:26.836
2017 5 19 7:2:11.446
2017 5 19 7:12:12.66
2017 5 19 8:13:15.232
2017 5 19 18:23:12.452
2017 5 19 20:16:39.578
2017 5 19 20:17:39.924
2017 5 20 7:33:32.188
2017 5 21 0:21:6.408
2017 5 21 4:10:2.76
2017 5 21 7:58:10.364
2017 5 22 8:19:53.402
2017 5 22 23:9:58.748
2017 5 22 23:12:41.88
2017 5 22 23:13:2.76
2017 5 26 0:16:20.962
2017 5 27 19:21:56.106
2017 5 27 19:22:8.792
2017 5 27 19:24:24.44
2017 5 27 21:13:16.276
2017 5 27 21:15:0.264
2017 5 27 21:15:27.408
2017 5 27 21:17:32.798
2017 5 27 22:59:54.188
2017 5 27 23:0:8.804
2017 5 27 23:2:24.452
2017 5 27 23:3:29.496
2017 5 27 23:4:13.138
2017 5 27 23:4:55.056
2017 5 27 23:5:15.572
2017 5 27 23:5:36.452
2017 5 27 23:5:47.05
2017 5 27 23:6:51.936
2017 5 27 23:8:4.786
2017 5 27 23:8:38.352
2017 5 27 23:9:59.578
2017 5 27 23:10:28.968
2017 5 28 0:52:44.094
2017 5 28 1:3:16.968
2017 5 28 1:4:12.98
2017 5 28 6:29:10.83
2017 5 28 6:29:31.71
2017 5 28 8:40:54.786
2017 5 28 8:41:13.578
2017 5 28 15:57:53.93
2017 5 28 16:2:45.924
2017 5 29 1:22:14.22
2017 5 29 6:55:39.76
2017 5 29 7:5:43.22
2017 5 29 7:6:8.276
2017 5 29 8:49:1.144
2017 5 29 9:0:0.616
2017 5 29 9:0:17.32
2017 5 29 18:12:45.144
2017 5 29 18:16:53.496
2017 6 3 16:15:27.358
2017 6 3 16:16:50.672
2017 6 7 23:22:57.232
2017 6 8 23:44:42.358
2017 6 10 22:28:41.138
2017 6 10 22:31:57.132
2017 6 10 22:32:9.66
2017 6 10 22:34:21.314
2017 6 11 4:16:47.018
2017 6 11 17:16:57.05
2017 6 11 17:19:46.446
2017 6 11 22:57:32.32
2017 6 12 8:18:24.452
2017 6 12 8:21:3.226
2017 6 12 8:21:17.842
2017 6 12 8:22:16.1
2017 6 12 8:22:35.05
2017 6 12 8:23:10.704
2017 6 12 8:23:33.672
2017 6 16 4:13:29.358
2017 6 16 4:13:46.062
2017 6 16 7:51:0.616
2017 6 16 7:53:22.528
2017 6 16 7:58:33.496
2017 6 16 7:59:39.924
2017 6 16 15:18:50.314
2017 6 16 15:23:2.32
2017 6 16 19:8:12.062
2017 6 16 21:45:13.792
2017 6 18 3:51:11.628
2017 6 19 4:13:26.44
2017 6 22 3:23:33.496
2017 6 23 1:5:37.66
2017 6 23 1:53:40.93
2017 6 25 5:37:29.27
2017 6 25 20:30:57.76
2017 6 26 2:58:10.238
2017 6 27 21:59:2.578
2017 6 27 22:1:41.534
2017 7 1 2:54:32.062
2017 7 1 17:51:34.452
2017 7 1 17:52:8.018
2017 7 1 20:46:58.572
2017 7 1 21:33:33.352
2017 7 1 21:45:27.27
2017 7 2 21:10:3.496
2017 7 2 21:10:37.062
2017 7 2 23:50:28.528
2017 7 3 1:45:55.666
2017 7 3 1:46:10.44
2017 7 3 1:47:58.968
2017 7 3 20:25:52.446
2017 7 3 22:21:22.534
2017 7 9 16:54:17.959
2017 7 9 16:54:30.305
2017 7 9 20:43:58.657
2017 7 10 2:25:19.657
2017 7 11 17:42:41.613
2017 7 11 23:21:56.179
2017 7 14 16:52:40.657
2017 7 14 16:52:59.267
2017 7 14 16:53:9.003
2017 7 16 19:28:38.393
2017 7 16 19:28:48.833
2017 7 17 10:26:32.915
2017 7 23 20:11:50.393
2017 7 23 20:12:4.827
2017 7 24 12:57:30.003
2017 7 24 12:57:37.311
2017 7 24 12:57:41.305
2017 7 25 19:3:10.613
2017 7 25 20:56:8.871
2017 7 25 20:56:20.355
2017 7 26 11:50:13.877
2017 7 28 10:40:3.091
2017 7 31 19:28:3.305
2017 8 2 20:9:37.179
2017 8 3 22:22:18.305
2017 8 4 15:9:1.349
2017 8 5 13:44:50.525
2017 8 9 16:59:17.305
2017 8 11 19:38:57.657
2017 8 14 13:12:44.355
2017 8 14 17:2:25.915
2017 8 19 15:6:57.047
2017 8 19 15:7:16.701
2017 8 19 16:53:9.745
2017 8 20 15:26:45.701
2017 8 20 17:17:26.223
2017 8 23 14:41:35.311
2017 8 29 7:20:38.657
2017 9 2 5:54:22.396
2017 9 3 15:39:36.364
2017 9 3 15:41:20.716
2017 9 3 15:42:4.88
2017 9 4 4:44:20.666
2017 9 5 3:10:34.32
2017 9 5 3:12:12.408
2017 9 5 3:12:47.54
2017 9 7 5:0:38.264
2017 9 7 5:42:18.962
2017 9 7 5:52:16.364
2017 9 7 9:29:28.49
2017 9 7 22:44:58.396
2017 9 8 0:32:51.27
2017 9 8 0:33:41.54
2017 9 8 0:38:19.44
2017 9 8 0:38:54.572
2017 9 8 7:18:2.534
2017 9 8 14:49:49.484
2017 9 12 5:39:22.138
2017 9 12 5:48:5.804
2017 9 12 9:38:9.264
2017 9 13 4:12:50.402
2017 9 13 4:17:42.918
2017 9 13 6:10:55.452
2017 9 14 2:40:1.27
2017 9 14 2:40:58.892
2017 9 14 2:41:57.15
2017 9 14 13:56:35.54
2017 9 14 13:58:17.804
2017 9 14 14:2:7.364
2017 9 14 14:2:36.754
2017 9 14 14:4:21.106
2017 9 14 14:5:0.572
2017 9 14 14:5:29.804
2017 9 14 21:29:48.006
2017 9 15 4:49:45.534
2017 9 15 5:2:38.232
2017 9 15 23:39:2.88
2017 9 16 5:11:35.584
2017 9 16 5:11:50.358
2017 9 16 5:13:28.264
2017 9 17 3:40:52.842
2017 9 18 2:21:5.962
2017 9 18 8:2:22.15
2017 9 20 3:4:52.76
2017 9 20 3:5:5.446
2017 10 5 21:34:54.836
2017 10 6 7:1:37.786
2017 10 6 21:56:42.276
2017 10 8 2:5:42.672
2017 10 8 3:59:59.226
2017 10 10 21:24:43.446
2017 10 11 2:2:52.534
2017 10 11 2:3:21.924
2017 10 11 3:58:30.408
2017 10 11 6:53:7.98
2017 10 11 8:39:38.402
2017 10 11 8:40:55.974
2017 10 11 8:46:56.666
2017 10 11 8:47:13.37
2017 10 11 16:15:7.446
2017 10 11 16:15:19.974
2017 10 11 16:15:30.572
2017 10 11 16:15:57.352
2017 10 11 20:45:13.654
2017 10 12 0:29:49.308
2017 10 12 0:31:14.71
2017 10 13 3:56:26.226
2017 10 13 4:42:35.792
2017 10 13 14:58:42.578
2017 10 13 15:4:25.364
2017 10 13 18:50:18.886
2017 10 13 18:51:10.88
2017 10 13 20:34:1.66
2017 10 13 21:27:57.132
2017 10 14 3:9:36.584
2017 10 14 5:3:50.326
2017 10 14 19:55:28.54
2017 10 14 22:59:15.308
2017 10 15 0:51:56.66
2017 10 15 18:27:15.22
2017 10 16 1:14:24.182
2017 10 19 3:7:47.616
2017 10 19 15:18:15.93
2017 10 19 15:19:57.83
2017 10 19 15:20:37.66
2017 10 19 15:21:36.282
2017 10 19 19:9:6.848
2017 10 20 0:49:13.452
2017 10 20 2:41:10.66
2017 10 21 17:58:41.584
2017 10 22 2:17:23.15
2017 10 24 13:24:32.502
2017 10 24 13:25:45.352
2017 10 24 16:2:42.886
2017 10 24 16:7:5.672
2017 10 24 16:7:39.76
2017 10 26 3:50:28.842
2017 11 1 2:13:44.012
2017 11 1 19:2:30.176
2017 11 1 22:44:37.496
2017 11 2 0:38:39.006
2017 11 2 0:39:37.106
2017 11 2 0:40:32.798
2017 11 2 2:38:18.83
2017 11 2 2:38:29.27
2017 11 2 17:29:14.628
2017 11 2 18:31:12.528
2017 11 2 21:10:57.05
2017 11 7 0:36:58.528
2017 11 7 0:37:11.056
2017 11 7 0:44:46.182
2017 11 7 11:48:23.874
2017 11 7 13:32:41.622
2017 11 7 13:33:4.748
2017 11 7 13:33:32.05
2017 11 7 13:33:52.93
2017 11 7 13:39:47.88
2017 11 7 13:41:23.88
2017 11 7 13:43:39.71
2017 11 7 13:44:6.308
2017 11 7 13:45:38.496
2017 11 7 16:35:35.534
2017 11 7 16:36:21.106
2017 11 7 16:36:59.006
2017 11 7 17:18:29.446
2017 11 7 17:20:1.27
2017 11 8 15:8:0.66
2017 11 9 23:50:37.238
2017 11 9 23:51:12.892
2017 11 10 18:28:5.32
2017 11 11 19:1:11.408
2017 11 15 20:29:45.622
2017 11 15 22:15:39.71
2017 11 15 22:22:53.798
2017 11 16 11:11:51.83
2017 11 18 17:48:58.54
2017 11 20 18:33:32.974
2017 11 21 0:0:31.742
2017 11 21 0:1:21.49
2017 11 21 0:2:58.012
2017 11 21 17:2:19.182
2017 11 21 20:35:47.534
2017 11 22 19:17:25.352
2017 11 23 23:21:41.786
2017 11 24 18:7:39.1
2017 11 27 17:6:29.232
2017 11 28 8:3:41.358
2017 11 28 8:4:6.572
2017 11 28 8:4:35.962
2017 11 28 8:4:50.578
2017 11 28 8:5:31.974
2017 11 28 8:8:48.15
2017 11 28 17:41:24.804
2017 11 29 19:53:54.628
2017 12 7 13:25:23.672
2017 12 7 15:19:43.132
2017 12 11 11:48:45.056
2017 12 11 11:49:45.402
2017 12 11 11:50:8.528
2017 12 11 14:51:2.27
2017 12 11 14:52:59.15
2017 12 13 6:4:40.93
2017 12 17 5:40:10.666
2017 12 17 11:24:54.446
2017 12 17 12:3:35.83
2017 12 17 12:6:37.232
2017 12 17 13:59:22.44
2017 12 17 13:59:56.006
2017 12 17 16:55:28.138
2017 12 18 13:37:58.88
2017 12 18 13:38:7.232
2017 12 19 15:53:4.144
2017 12 20 13:14:30.364
2017 12 21 20:28:20.223
2017 12 21 22:20:20.701
2017 12 22 0:6:59.657
2017 12 22 1:57:55.657
2017 12 22 20:48:34.091
2017 12 22 22:40:37.135
2017 12 23 0:28:19.613
2017 12 23 2:19:17.701
2017 12 23 4:13:25.701
2017 12 23 21:11:4.223
2017 12 23 22:57:44.223
2017 12 24 0:48:38.657
2017 12 24 2:41:44.701
2017 12 24 19:39:23.223
2017 12 24 21:28:10.701
2017 12 24 23:19:5.657
2017 12 25 1:8:59.223
2017 12 25 3:2:2.701
2017 12 25 21:51:39.701
2017 12 25 23:36:8.569
2017 12 26 1:30:17.613
2017 12 26 23:58:38.223
2017 12 27 1:53:48.135
2017 12 27 3:46:54.179
2017 12 27 7:35:10.701
2017 12 27 18:52:30.657
2017 12 27 20:44:30.135
2017 12 27 22:30:6.657
2017 12 28 0:21:3.179
2017 12 28 2:14:8.701
2017 12 28 22:52:32.657
2017 12 29 0:44:32.657
2017 12 29 2:37:37.657
2017 12 29 19:36:18.657
2017 12 29 21:21:54.135
2017 12 29 21:28:18.135
2017 12 29 23:13:54.135
2017 12 30 1:4:52.179
2017 12 30 3:0:4.179
2017 12 30 18:4:37.657
2017 12 30 19:57:41.135
2017 12 30 21:42:15.701
2017 12 30 23:34:14.179
2017 12 31 1:27:19.701
2017 12 31 18:26:0.701
2017 12 31 20:16:55.135
2017 12 31 22:5:45.179
2017 12 31 23:56:40.135
2018 1 1 1:49:45.179
2018 1 1 16:56:24.613
2018 1 1 18:48:25.657
2018 1 1 22:26:2.657
2018 1 1 22:28:11.179
2018 1 2 0:16:59.701
2018 1 2 2:12:11.179
2018 1 2 17:17:49.179
2018 1 2 19:9:49.179
2018 1 2 20:59:41.179
2018 1 2 22:47:26.223
2018 1 3 0:39:24.657
2018 1 3 17:38:6.657
2018 1 3 19:29:3.701
2018 1 3 21:19:56.569
2018 1 3 23:8:46.179
2018 1 4 1:1:50.179
2018 1 4 17:59:27.657
2018 1 4 19:50:24.701
2018 1 4 21:39:10.613
2018 1 4 23:30:8.701
2018 1 5 1:24:17.701
2018 1 5 18:20:50.701
2018 1 5 20:13:53.135
2018 1 5 22:0:34.701
2018 1 5 23:52:32.091
2018 1 6 13:46:44.179
2018 1 6 20:32:3.135
2018 1 6 22:23:0.657
2018 1 7 0:13:57.179
2018 1 7 17:11:34.657
2018 1 7 20:53:27.657
2018 1 8 17:32:56.657
2018 1 8 21:15:54.701
2018 1 9 19:46:20.701
2018 1 12 4:36:27.446
2018 1 12 4:43:6.402
2018 1 13 4:55:39.314
2018 1 13 12:31:6.452
2018 1 13 12:38:22.628
2018 1 13 19:59:17.71
2018 1 13 21:53:0.27
2018 1 13 21:53:52.264
2018 1 13 21:54:8.968
2018 1 13 23:44:17.012
2018 1 13 23:45:13.704
2018 1 13 23:45:26.232
2018 1 13 23:46:3.452
2018 1 13 23:46:15.98
2018 1 13 23:46:57.874
2018 1 14 1:30:30.006
2018 1 14 1:33:0.452
2018 1 14 1:41:17.496
2018 1 14 1:42:0.98
2018 1 14 1:43:7.93
2018 1 14 12:58:18.66
2018 1 15 5:38:32.188
2018 1 15 5:50:20.024
2018 1 15 5:51:7.66
2018 1 16 9:52:46.364
2018 1 16 9:59:27.408
2018 1 16 9:59:58.364
2018 1 17 6:33:37.408
2018 1 19 9:2:21.657
2018 1 19 23:59:27.701
2018 1 20 0:1:35.179
2018 1 22 6:22:58.569
2018 1 25 5:42:7.276
2018 1 25 16:53:27.924
2018 1 26 2:12:52.408
2018 1 27 0:45:49.194
2018 1 27 4:31:29.006
2018 1 27 4:34:1.54
2018 1 28 1:5:59.408
2018 1 29 10:49:35.264
2018 1 30 3:42:40.106
2018 1 31 17:7:16.308
2018 2 2 2:55:8.188
2018 2 2 23:31:10.666
2018 2 3 3:18:26.66
2018 2 3 23:53:40.364
2018 2 5 2:10:55.918
2018 2 6 4:25:6.76
2018 2 8 21:54:48.716
2018 2 9 22:18:33.672
2018 2 10 5:52:40.402
2018 2 11 0:29:19.188
2018 2 11 0:31:59.528
2018 2 11 0:32:31.006
2018 2 15 15:52:38.056
2018 2 15 16:55:5.188
2018 2 15 16:56:3.968
2018 2 15 16:57:12.666
2018 2 15 16:58:7.27
2018 2 15 16:58:21.886
2018 2 15 19:40:7.1
2018 2 16 1:16:54.012
2018 2 16 3:10:23.408
2018 2 16 3:10:36.094
2018 2 16 3:12:39.238
2018 2 16 6:4:9.484
2018 2 16 6:7:34.352
