2016 4 5 16:22:50.833
2016 4 5 16:22:55.349
2016 4 5 16:22:50.833
2016 4 5 16:22:55.349
2016 4 5 16:22:49.789
2016 4 5 16:22:55.349
2016 4 5 16:22:50.833
2016 4 5 16:22:55.349
2016 4 5 16:22:54.827
2016 4 5 16:22:54.827
2016 4 5 16:22:54.827
2016 4 5 16:22:54.827
2016 4 5 16:22:54.827
2016 4 5 16:22:54.827
2016 4 5 16:22:54.827
2016 4 5 16:22:54.827
2016 4 5 16:22:54.827
2016 4 5 16:22:54.827
2016 4 5 16:22:54.827
2016 4 5 16:22:54.827
2016 4 5 16:22:54.827
2016 4 5 16:22:54.827
2016 4 5 16:22:54.827
2016 4 5 16:22:54.827
2016 4 5 16:22:54.827
2016 4 5 16:22:54.827
2016 4 5 16:22:54.827
2016 4 5 16:22:54.827
2016 4 5 16:22:54.827
2016 4 5 16:22:54.827
2016 4 5 16:22:54.827
2016 4 5 16:22:54.827
2016 4 5 16:22:54.827
2016 4 5 16:22:54.827
2016 4 5 16:22:54.827
