2018 6 27 20:15:30.182
2018 6 27 20:15:34.358
2018 6 27 20:15:38.534
2018 6 27 20:15:34.358
2018 6 27 20:15:32.27
2018 6 27 20:15:32.27
2018 6 27 20:15:30.182
2018 6 27 20:15:30.182
2018 6 27 20:15:30.182
2018 6 27 20:15:36.446
2018 6 27 20:15:34.358
2018 6 27 20:15:36.446
2018 6 27 20:15:36.446
2018 6 27 20:15:36.446
2018 6 27 20:15:36.446
2018 6 27 20:15:36.446
2018 6 27 20:15:36.446
2018 6 27 20:15:36.446
2018 6 27 20:15:36.446
2018 6 27 20:15:36.446
2018 6 27 20:15:36.446
2018 6 27 20:15:36.446
2018 6 27 20:15:36.446
2018 6 27 20:15:36.446
2018 6 27 20:15:36.446
2018 6 27 20:15:36.446
2018 6 27 20:15:36.446
2018 6 27 20:15:36.446
2018 6 27 20:15:36.446
2018 6 27 20:15:36.446
2018 6 27 20:15:36.446
2018 6 27 20:15:36.446
2018 6 27 20:15:36.446
2018 6 27 20:15:36.446
