2017 7 16 19:28:39.959
2017 7 16 19:28:40.481
2017 7 16 19:28:39.959
2017 7 16 19:28:39.959
2017 7 16 19:28:43.613
2017 7 16 19:28:39.437
2017 7 16 19:28:38.915
2017 7 16 19:28:38.915
2017 7 16 19:28:38.915
2017 7 16 19:28:39.959
2017 7 16 19:28:39.959
2017 7 16 19:28:43.613
2017 7 16 19:28:39.437
2017 7 16 19:28:38.915
2017 7 16 19:28:38.915
2017 7 16 19:28:38.915
2017 7 16 19:28:38.915
2017 7 16 19:28:42.047
2017 7 16 19:28:43.613
2017 7 16 19:28:41.003
2017 7 16 19:28:42.047
2017 7 16 19:28:38.915
2017 7 16 19:28:38.915
2017 7 16 19:28:41.525
2017 7 16 19:28:38.915
2017 7 16 19:28:43.613
2017 7 16 19:28:43.613
2017 7 16 19:28:40.481
2017 7 16 19:28:40.481
2017 7 16 19:28:44.657
2017 7 16 19:28:44.657
