2018 6 13 22:41:41.886
2018 6 13 22:41:43.974
2018 6 13 22:42:38.056
2018 6 13 22:41:41.886
2018 6 13 22:41:43.974
2018 6 13 22:42:38.056
2018 6 13 22:41:41.886
2018 6 13 22:41:41.886
2018 6 13 22:41:43.974
2018 6 13 22:42:38.056
2018 6 13 22:41:41.886
2018 6 13 22:41:43.974
2018 6 13 22:42:38.056
2018 6 13 22:41:41.886
2018 6 13 22:41:43.974
2018 6 13 22:42:38.056
2018 6 13 22:41:41.886
2018 6 13 22:41:41.886
2018 6 13 22:41:41.886
2018 6 13 22:41:41.886
2018 6 13 22:41:43.974
2018 6 13 22:42:38.056
2018 6 13 22:41:41.886
2018 6 13 22:41:41.886
2018 6 13 22:41:41.886
2018 6 13 22:41:41.886
2018 6 13 22:41:41.886
2018 6 13 22:41:41.886
2018 6 13 22:41:41.886
2018 6 13 22:41:41.886
2018 6 13 22:41:41.886
2018 6 13 22:41:41.886
2018 6 13 22:41:41.886
2018 6 13 22:41:41.886
2018 6 13 22:41:41.886
2018 6 13 22:41:41.886
2018 6 13 22:41:41.886
2018 6 13 22:41:41.886
2018 6 13 22:41:41.886
2018 6 13 22:41:39.798
2018 6 13 22:42:25.528
2018 6 13 22:42:33.88
2018 6 13 22:41:41.886
2018 6 13 22:41:39.798
2018 6 13 22:42:25.528
2018 6 13 22:41:41.886
2018 6 13 22:42:29.704
2018 6 13 22:41:41.886
2018 6 13 22:41:41.886
2018 6 13 22:42:29.704
2018 6 13 22:41:41.886
2018 6 13 22:41:41.886
2018 6 13 22:41:41.886
2018 6 13 22:41:41.886
2018 6 13 22:41:43.974
2018 6 13 22:42:25.528
2018 6 13 22:42:38.056
