2017 4 16 16:56:36.238
2017 4 16 16:56:42.502
2017 4 16 16:56:57.094
2017 4 16 16:56:36.238
2017 4 16 16:56:48.742
2017 4 16 16:56:42.502
2017 4 16 16:56:36.238
2017 4 16 16:56:36.238
2017 4 16 16:56:36.238
2017 4 16 16:56:42.502
2017 4 16 16:56:36.238
2017 4 16 16:56:48.742
2017 4 16 16:56:42.502
2017 4 16 16:56:36.238
2017 4 16 16:56:36.238
2017 4 16 16:56:36.238
2017 4 16 16:56:36.238
2017 4 16 16:56:36.238
2017 4 16 16:56:38.326
2017 4 16 16:56:36.238
2017 4 16 16:56:36.238
2017 4 16 16:56:36.238
2017 4 16 16:56:36.238
2017 4 16 16:56:36.238
2017 4 16 16:56:36.238
2017 4 16 16:56:36.238
2017 4 16 16:56:42.502
2017 4 16 16:56:36.238
2017 4 16 16:56:48.742
2017 4 16 16:56:38.326
2017 4 16 16:56:32.062
2017 4 16 16:56:36.238
2017 4 16 16:56:36.238
2017 4 16 16:56:36.238
2017 4 16 16:56:32.062
2017 4 16 16:56:32.062
2017 4 16 16:56:32.062
2017 4 16 16:56:32.062
2017 4 16 16:56:40.414
2017 4 16 16:56:32.062
2017 4 16 16:56:36.238
2017 4 16 16:56:46.654
2017 4 16 16:56:32.062
2017 4 16 16:56:32.062
2017 4 16 16:56:32.062
2017 4 16 16:56:32.062
2017 4 16 16:56:32.062
2017 4 16 16:56:40.414
2017 4 16 16:56:32.062
2017 4 16 16:56:46.654
2017 4 16 16:56:32.062
2017 4 16 16:56:32.062
2017 4 16 16:56:32.062
2017 4 16 16:56:32.062
2017 4 16 16:56:32.062
2017 4 16 16:56:40.414
2017 4 16 16:56:32.062
2017 4 16 16:56:46.654
2017 4 16 16:56:36.238
2017 4 16 16:56:32.062
2017 4 16 16:56:32.062
2017 4 16 16:56:32.062
2017 4 16 16:56:32.062
2017 4 16 16:56:32.062
2017 4 16 16:56:46.654
2017 4 16 16:56:32.062
2017 4 16 16:56:32.062
2017 4 16 16:56:32.062
2017 4 16 16:56:32.062
