2020 1 5 0:30:27.754
2020 1 5 0:30:27.754
2020 1 5 0:30:27.754
2020 1 5 0:30:44.616
2020 1 5 0:30:34.018
2020 1 5 0:30:27.754
2020 1 5 0:30:27.754
2020 1 5 0:30:27.754
2020 1 5 0:30:29.842
2020 1 5 0:30:27.754
2020 1 5 0:30:44.616
2020 1 5 0:30:34.018
2020 1 5 0:30:27.754
2020 1 5 0:30:27.754
2020 1 5 0:30:27.754
2020 1 5 0:30:27.754
2020 1 5 0:30:27.754
2020 1 5 0:30:29.842
2020 1 5 0:30:27.754
2020 1 5 0:30:27.754
2020 1 5 0:30:27.754
2020 1 5 0:30:27.754
2020 1 5 0:30:27.754
2020 1 5 0:30:27.754
2020 1 5 0:30:27.754
2020 1 5 0:30:29.842
2020 1 5 0:30:27.754
2020 1 5 0:30:44.616
2020 1 5 0:30:29.842
2020 1 5 0:30:25.666
2020 1 5 0:30:27.754
2020 1 5 0:30:27.754
2020 1 5 0:30:27.754
2020 1 5 0:30:25.666
2020 1 5 0:30:25.666
2020 1 5 0:30:25.666
2020 1 5 0:30:25.666
2020 1 5 0:30:27.754
2020 1 5 0:30:25.666
2020 1 5 0:30:40.282
2020 1 5 0:30:25.666
2020 1 5 0:30:25.666
2020 1 5 0:30:25.666
2020 1 5 0:30:25.666
2020 1 5 0:30:25.666
2020 1 5 0:30:27.754
2020 1 5 0:30:25.666
2020 1 5 0:30:40.282
2020 1 5 0:30:25.666
2020 1 5 0:30:25.666
2020 1 5 0:30:25.666
2020 1 5 0:30:25.666
2020 1 5 0:30:25.666
2020 1 5 0:30:27.754
2020 1 5 0:30:25.666
2020 1 5 0:30:40.282
2020 1 5 0:30:27.754
2020 1 5 0:30:25.666
2020 1 5 0:30:25.666
2020 1 5 0:30:25.666
2020 1 5 0:30:25.666
2020 1 5 0:30:25.666
2020 1 5 0:30:25.666
2020 1 5 0:30:25.666
2020 1 5 0:30:25.666
2020 1 5 0:30:25.666
2020 1 5 0:30:25.666
