2019 7 17 8:57:7.877
2019 7 17 8:57:9.783
2019 7 17 8:57:13.437
2019 7 17 8:57:10.827
2019 7 17 8:57:8.921
2019 7 17 8:57:9.783
2019 7 17 8:57:10.305
2019 7 17 8:57:11.349
2019 7 17 8:57:15.003
2019 7 17 8:57:10.827
2019 7 17 8:57:10.305
2019 7 17 8:57:9.783
2019 7 17 8:57:16.047
2019 7 17 8:57:10.827
2019 7 17 8:57:11.349
2019 7 17 8:57:15.003
2019 7 17 8:57:10.827
2019 7 17 8:57:10.827
2019 7 17 8:57:14.481
2019 7 17 8:57:10.827
2019 7 17 8:57:8.399
2019 7 17 8:57:7.877
2019 7 17 8:57:10.305
2019 7 17 8:57:13.959
2019 7 17 8:57:7.877
2019 7 17 8:57:9.783
2019 7 17 8:57:13.437
2019 7 17 8:57:8.399
2019 7 17 8:57:7.877
2019 7 17 8:57:9.783
2019 7 17 8:57:13.437
2019 7 17 8:57:7.877
2019 7 17 8:57:9.783
2019 7 17 8:57:13.437
2019 7 17 8:57:9.783
2019 7 17 8:57:9.261
2019 7 17 8:57:10.305
2019 7 17 8:57:10.827
2019 7 17 8:57:8.399
2019 7 17 8:57:13.959
2019 7 17 8:57:9.261
2019 7 17 8:57:15.525
2019 7 17 8:57:10.827
2019 7 17 8:57:10.305
2019 7 17 8:57:9.783
2019 7 17 8:57:10.827
2019 7 17 8:57:9.261
2019 7 17 8:57:15.525
2019 7 17 8:57:7.877
2019 7 17 8:57:8.921
2019 7 17 8:57:15.003
2019 7 17 8:57:10.305
2019 7 17 8:57:13.437
2019 7 17 8:57:8.921
2019 7 17 8:57:14.481
2019 7 17 8:57:8.399
2019 7 17 8:57:13.959
2019 7 17 8:57:10.827
2019 7 17 8:57:13.959
2019 7 17 8:57:8.399
2019 7 17 8:57:13.959
2019 7 17 8:57:10.827
2019 7 17 8:57:13.959
2019 7 17 8:57:8.399
2019 7 17 8:57:13.959
2019 7 17 8:57:8.399
2019 7 17 8:57:13.959
2019 7 17 8:57:7.877
2019 7 17 8:57:10.827
2019 7 17 8:57:21.267
2019 7 17 8:57:7.877
2019 7 17 8:57:10.827
2019 7 17 8:57:21.267
2019 7 17 8:57:7.877
2019 7 17 8:57:7.877
2019 7 17 8:57:7.877
2019 7 17 8:57:10.827
2019 7 17 8:57:21.267
2019 7 17 8:57:7.877
2019 7 17 8:57:10.827
2019 7 17 8:57:21.267
2019 7 17 8:57:7.877
2019 7 17 8:57:7.877
2019 7 17 8:57:10.827
2019 7 17 8:57:21.267
2019 7 17 8:57:12.393
2019 7 17 8:57:23.877
2019 7 17 8:57:12.915
2019 7 17 8:57:11.871
2019 7 17 8:57:8.399
2019 7 17 8:57:11.349
2019 7 17 8:57:21.789
2019 7 17 8:57:7.877
2019 7 17 8:57:10.305
2019 7 17 8:57:20.745
2019 7 17 8:57:24.399
2019 7 17 8:57:9.783
2019 7 17 8:57:20.745
2019 7 17 8:57:7.355
2019 7 17 8:57:9.261
2019 7 17 8:57:19.701
2019 7 17 8:57:23.877
2019 7 17 8:57:7.355
2019 7 17 8:57:9.261
2019 7 17 8:57:20.223
2019 7 17 8:57:7.355
2019 7 17 8:57:9.261
2019 7 17 8:57:12.915
2019 7 17 8:57:9.261
2019 7 17 8:57:13.437
2019 7 17 8:57:14.481
2019 7 17 8:57:10.305
2019 7 17 8:57:16.047
2019 7 17 8:57:11.871
2019 7 17 8:57:17.613
2019 7 17 8:57:13.959
2019 7 17 8:57:13.959
2019 7 17 8:57:12.915
2019 7 17 8:57:13.959
2019 7 17 8:57:11.349
2019 7 17 8:57:15.525
2019 7 17 8:57:11.349
2019 7 17 8:57:17.091
2019 7 17 8:57:7.877
2019 7 17 8:57:8.399
2019 7 17 8:57:10.827
2019 7 17 8:57:16.569
2019 7 17 8:57:8.921
2019 7 17 8:57:8.399
2019 7 17 8:57:10.827
2019 7 17 8:57:8.399
2019 7 17 8:57:10.827
2019 7 17 8:57:16.569
2019 7 17 8:57:8.921
2019 7 17 8:57:8.399
2019 7 17 8:57:10.827
2019 7 17 8:57:16.569
2019 7 17 8:57:8.399
2019 7 17 8:57:10.827
2019 7 17 8:57:16.569
2019 7 17 8:57:10.827
2019 7 17 8:57:10.305
2019 7 17 8:57:8.399
2019 7 17 8:57:10.827
2019 7 17 8:57:13.959
2019 7 17 8:57:15.003
2019 7 17 8:57:9.783
2019 7 17 8:57:10.305
2019 7 17 8:57:15.525
2019 7 17 8:57:14.481
2019 7 17 8:57:10.305
2019 7 17 8:57:13.437
2019 7 17 8:57:10.827
2019 7 17 8:57:15.525
2019 7 17 8:57:10.827
2019 7 17 8:57:8.921
2019 7 17 8:57:11.871
2019 7 17 8:57:15.003
2019 7 17 8:57:10.305
2019 7 17 8:57:13.437
2019 7 17 8:57:16.569
2019 7 17 8:57:8.921
2019 7 17 8:57:8.399
2019 7 17 8:57:10.827
2019 7 17 8:57:13.959
2019 7 17 8:57:17.091
2019 7 17 8:57:8.399
2019 7 17 8:57:10.827
2019 7 17 8:57:13.959
2019 7 17 8:57:8.921
2019 7 17 8:57:8.399
2019 7 17 8:57:10.827
2019 7 17 8:57:13.959
2019 7 17 8:57:8.399
2019 7 17 8:57:10.827
2019 7 17 8:57:13.959
2019 7 17 8:57:8.921
2019 7 17 8:57:15.003
2019 7 17 8:57:7.877
2019 7 17 8:57:9.783
2019 7 17 8:57:12.915
2019 7 17 8:57:16.047
2019 7 17 8:57:10.827
2019 7 17 8:57:9.783
2019 7 17 8:57:16.047
2019 7 17 8:57:10.305
2019 7 17 8:57:16.569
2019 7 17 8:57:10.827
2019 7 17 8:57:17.091
2019 7 17 8:57:10.305
2019 7 17 8:57:16.569
2019 7 17 8:57:9.783
2019 7 17 8:57:10.827
2019 7 17 8:57:17.091
2019 7 17 8:57:10.827
2019 7 17 8:57:10.827
2019 7 17 8:57:13.959
2019 7 17 8:57:17.091
2019 7 17 8:57:10.827
2019 7 17 8:57:8.399
2019 7 17 8:57:13.959
2019 7 17 8:57:7.877
2019 7 17 8:57:9.783
2019 7 17 8:57:12.915
2019 7 17 8:57:16.047
2019 7 17 8:57:10.305
2019 7 17 8:57:13.437
2019 7 17 8:57:16.569
2019 7 17 8:57:7.877
2019 7 17 8:57:9.783
2019 7 17 8:57:12.915
2019 7 17 8:57:16.047
2019 7 17 8:57:10.305
2019 7 17 8:57:13.437
2019 7 17 8:57:16.569
2019 7 17 8:57:7.877
2019 7 17 8:57:9.783
2019 7 17 8:57:12.915
2019 7 17 8:57:16.047
2019 7 17 8:57:8.399
2019 7 17 8:57:10.827
2019 7 17 8:57:10.305
2019 7 17 8:57:7.877
2019 7 17 8:57:9.783
2019 7 17 8:57:13.437
2019 7 17 8:57:8.921
2019 7 17 8:57:9.783
2019 7 17 8:57:10.305
2019 7 17 8:57:16.569
2019 7 17 8:57:11.349
2019 7 17 8:57:15.003
2019 7 17 8:57:10.827
2019 7 17 8:57:17.091
2019 7 17 8:57:10.305
2019 7 17 8:57:9.783
2019 7 17 8:57:16.047
2019 7 17 8:57:10.827
2019 7 17 8:57:17.091
2019 7 17 8:57:9.261
2019 7 17 8:57:10.827
2019 7 17 8:57:10.827
2019 7 17 8:57:14.481
2019 7 17 8:57:10.827
2019 7 17 8:57:10.305
2019 7 17 8:57:13.959
2019 7 17 8:57:10.827
2019 7 17 8:57:10.305
2019 7 17 8:57:13.959
2019 7 17 8:57:7.877
2019 7 17 8:57:9.783
2019 7 17 8:57:13.437
2019 7 17 8:57:7.877
2019 7 17 8:57:9.783
2019 7 17 8:57:13.437
2019 7 17 8:57:7.877
2019 7 17 8:57:9.783
2019 7 17 8:57:13.437
2019 7 17 8:57:7.877
2019 7 17 8:57:9.783
2019 7 17 8:57:13.437
2019 7 17 8:57:9.261
2019 7 17 8:57:10.827
2019 7 17 8:57:14.481
2019 7 17 8:57:9.783
2019 7 17 8:57:10.827
2019 7 17 8:57:16.047
2019 7 17 8:57:10.305
2019 7 17 8:57:9.261
2019 7 17 8:57:10.827
2019 7 17 8:57:10.305
2019 7 17 8:57:9.783
2019 7 17 8:57:10.827
2019 7 17 8:57:9.261
2019 7 17 8:57:7.877
2019 7 17 8:57:9.783
2019 7 17 8:57:13.437
2019 7 17 8:57:11.349
2019 7 17 8:57:15.003
2019 7 17 8:57:8.399
2019 7 17 8:57:14.481
2019 7 17 8:57:8.921
2019 7 17 8:57:15.003
2019 7 17 8:57:8.399
2019 7 17 8:57:14.481
2019 7 17 8:57:8.921
2019 7 17 8:57:15.003
2019 7 17 8:57:10.827
2019 7 17 8:57:14.481
2019 7 17 8:57:10.827
2019 7 17 8:57:14.481
2019 7 17 8:57:10.827
2019 7 17 8:57:14.481
2019 7 17 8:57:10.827
2019 7 17 8:57:14.481
2019 7 17 8:57:16.569
2019 7 17 8:57:10.305
2019 7 17 8:57:16.569
2019 7 17 8:57:10.827
2019 7 17 8:57:9.783
2019 7 17 8:57:16.047
2019 7 17 8:57:7.877
2019 7 17 8:57:8.921
2019 7 17 8:57:15.003
2019 7 17 8:57:15.525
2019 7 17 8:57:10.827
2019 7 17 8:57:16.569
2019 7 17 8:57:10.305
2019 7 17 8:57:10.827
2019 7 17 8:57:15.525
2019 7 17 8:57:8.399
2019 7 17 8:57:14.481
2019 7 17 8:57:9.261
2019 7 17 8:57:15.525
2019 7 17 8:57:10.827
2019 7 17 8:57:14.481
2019 7 17 8:57:11.349
2019 7 17 8:57:15.003
2019 7 17 8:57:8.921
2019 7 17 8:57:15.003
2019 7 17 8:57:8.921
2019 7 17 8:57:8.921
2019 7 17 8:57:15.003
2019 7 17 8:57:8.921
2019 7 17 8:57:8.921
2019 7 17 8:57:15.003
2019 7 17 8:57:8.921
2019 7 17 8:57:11.349
2019 7 17 8:57:15.003
2019 7 17 8:57:10.305
2019 7 17 8:57:13.959
2019 7 17 8:57:9.783
2019 7 17 8:57:16.047
2019 7 17 8:57:10.827
2019 7 17 8:57:9.783
2019 7 17 8:57:10.305
2019 7 17 8:57:9.261
2019 7 17 8:57:15.525
2019 7 17 8:57:10.827
2019 7 17 8:57:10.305
2019 7 17 8:57:9.783
2019 7 17 8:57:10.827
2019 7 17 8:57:11.349
2019 7 17 8:57:15.003
2019 7 17 8:57:10.827
2019 7 17 8:57:8.921
2019 7 17 8:57:15.003
2019 7 17 8:57:7.877
2019 7 17 8:57:8.399
2019 7 17 8:57:14.481
2019 7 17 8:57:8.921
2019 7 17 8:57:8.399
2019 7 17 8:57:10.827
2019 7 17 8:57:14.481
2019 7 17 8:57:8.399
2019 7 17 8:57:14.481
2019 7 17 8:57:8.921
2019 7 17 8:57:8.399
2019 7 17 8:57:14.481
2019 7 17 8:57:8.399
2019 7 17 8:57:14.481
2019 7 17 8:57:10.305
2019 7 17 8:57:9.783
2019 7 17 8:57:10.827
2019 7 17 8:57:8.399
2019 7 17 8:57:9.261
2019 7 17 8:57:9.261
2019 7 17 8:57:10.827
2019 7 17 8:57:10.305
2019 7 17 8:57:9.783
2019 7 17 8:57:10.827
2019 7 17 8:57:9.261
2019 7 17 8:57:10.827
2019 7 17 8:57:8.921
2019 7 17 8:57:10.305
2019 7 17 8:57:8.921
2019 7 17 8:57:8.399
2019 7 17 8:57:10.827
2019 7 17 8:57:8.399
2019 7 17 8:57:8.921
2019 7 17 8:57:8.399
2019 7 17 8:57:8.399
2019 7 17 8:57:8.921
2019 7 17 8:57:10.827
2019 7 17 8:57:9.261
2019 7 17 8:57:12.393
2019 7 17 8:57:10.305
2019 7 17 8:57:9.261
2019 7 17 8:57:10.827
2019 7 17 8:57:10.305
2019 7 17 8:57:12.393
2019 7 17 8:57:10.827
2019 7 17 8:57:9.261
2019 7 17 8:57:10.305
2019 7 17 8:57:11.349
2019 7 17 8:57:8.399
2019 7 17 8:57:8.921
2019 7 17 8:57:10.305
2019 7 17 8:57:8.399
2019 7 17 8:57:10.827
2019 7 17 8:57:8.399
2019 7 17 8:57:8.921
2019 7 17 8:57:8.399
2019 7 17 8:57:8.399
2019 7 17 8:57:10.305
2019 7 17 8:57:9.783
2019 7 17 8:57:12.915
2019 7 17 8:57:7.877
2019 7 17 8:57:9.783
2019 7 17 8:57:8.921
2019 7 17 8:57:11.349
2019 7 17 8:57:10.827
2019 7 17 8:57:10.305
2019 7 17 8:57:9.783
2019 7 17 8:57:10.827
2019 7 17 8:57:9.261
2019 7 17 8:57:10.827
2019 7 17 8:57:10.827
2019 7 17 8:57:10.827
2019 7 17 8:57:10.305
2019 7 17 8:57:10.827
2019 7 17 8:57:10.305
2019 7 17 8:57:8.399
2019 7 17 8:57:10.305
2019 7 17 8:57:8.399
2019 7 17 8:57:10.305
2019 7 17 8:57:10.305
2019 7 17 8:57:10.305
2019 7 17 8:57:10.827
2019 7 17 8:57:11.349
2019 7 17 8:57:9.783
2019 7 17 8:57:10.305
2019 7 17 8:57:9.261
2019 7 17 8:57:10.827
2019 7 17 8:57:10.305
2019 7 17 8:57:9.783
2019 7 17 8:57:10.827
2019 7 17 8:57:9.261
2019 7 17 8:57:10.827
2019 7 17 8:57:8.921
2019 7 17 8:57:7.877
2019 7 17 8:57:9.783
2019 7 17 8:57:10.827
2019 7 17 8:57:10.305
2019 7 17 8:57:8.399
2019 7 17 8:57:10.305
2019 7 17 8:57:8.399
2019 7 17 8:57:10.305
2019 7 17 8:57:10.305
2019 7 17 8:57:9.783
2019 7 17 8:57:9.261
2019 7 17 8:57:10.305
2019 7 17 8:57:8.921
2019 7 17 8:57:12.915
2019 7 17 8:57:10.827
2019 7 17 8:57:12.393
2019 7 17 8:57:8.921
2019 7 17 8:57:10.827
2019 7 17 8:57:10.305
2019 7 17 8:57:12.393
2019 7 17 8:57:10.827
2019 7 17 8:57:10.305
2019 7 17 8:57:10.827
2019 7 17 8:57:10.305
2019 7 17 8:57:10.827
2019 7 17 8:57:10.305
2019 7 17 8:57:12.915
2019 7 17 8:57:10.305
2019 7 17 8:57:12.915
2019 7 17 8:57:10.305
2019 7 17 8:57:10.827
2019 7 17 8:57:13.437
2019 7 17 8:57:13.437
2019 7 17 8:57:11.349
2019 7 17 8:57:12.393
2019 7 17 8:57:13.437
2019 7 17 8:57:11.349
2019 7 17 8:57:13.437
2019 7 17 8:57:12.915
2019 7 17 8:57:12.393
2019 7 17 8:57:13.959
2019 7 17 8:57:11.349
2019 7 17 8:57:13.437
2019 7 17 8:57:8.399
2019 7 17 8:57:10.827
2019 7 17 8:57:8.399
2019 7 17 8:57:10.827
2019 7 17 8:57:11.349
2019 7 17 8:57:10.827
2019 7 17 8:57:11.871
2019 7 17 8:57:10.827
2019 7 17 8:57:8.399
2019 7 17 8:57:10.827
2019 7 17 8:57:10.827
2019 7 17 8:57:10.827
2019 7 17 8:57:12.393
2019 7 17 8:57:11.871
2019 7 17 8:57:12.915
2019 7 17 8:57:13.959
2019 7 17 8:57:7.877
2019 7 17 8:57:10.305
2019 7 17 8:57:11.871
2019 7 17 8:57:13.437
2019 7 17 8:57:12.915
2019 7 17 8:57:12.915
2019 7 17 8:57:13.437
2019 7 17 8:57:11.871
2019 7 17 8:57:13.437
2019 7 17 8:57:11.349
2019 7 17 8:57:13.437
2019 7 17 8:57:8.399
2019 7 17 8:57:10.827
2019 7 17 8:57:7.877
2019 7 17 8:57:10.305
2019 7 17 8:57:10.827
2019 7 17 8:57:7.877
2019 7 17 8:57:10.305
2019 7 17 8:57:10.827
2019 7 17 8:57:7.877
2019 7 17 8:57:10.305
2019 7 17 8:57:8.399
2019 7 17 8:57:10.827
2019 7 17 8:57:7.877
2019 7 17 8:57:10.827
2019 7 17 8:57:21.267
2019 7 17 8:57:12.393
2019 7 17 8:57:23.877
2019 7 17 8:57:12.915
2019 7 17 8:57:11.871
2019 7 17 8:57:8.399
2019 7 17 8:57:11.349
2019 7 17 8:57:21.789
2019 7 17 8:57:7.877
2019 7 17 8:57:10.305
2019 7 17 8:57:20.745
2019 7 17 8:57:24.399
2019 7 17 8:57:9.783
2019 7 17 8:57:20.745
2019 7 17 8:57:7.355
2019 7 17 8:57:9.261
2019 7 17 8:57:19.701
2019 7 17 8:57:23.877
2019 7 17 8:57:7.355
2019 7 17 8:57:9.261
2019 7 17 8:57:20.223
2019 7 17 8:57:7.355
2019 7 17 8:57:9.261
2019 7 17 8:57:12.915
2019 7 17 8:57:9.261
2019 7 17 8:57:13.437
2019 7 17 8:57:14.481
2019 7 17 8:57:10.305
2019 7 17 8:57:16.047
2019 7 17 8:57:11.871
2019 7 17 8:57:17.613
2019 7 17 8:57:13.959
2019 7 17 8:57:13.959
2019 7 17 8:57:12.915
2019 7 17 8:57:13.959
2019 7 17 8:57:11.349
2019 7 17 8:57:15.525
2019 7 17 8:57:11.349
2019 7 17 8:57:17.091
2019 7 17 8:57:7.877
2019 7 17 8:57:8.399
2019 7 17 8:57:10.827
2019 7 17 8:57:16.569
2019 7 17 8:57:8.921
2019 7 17 8:57:8.399
2019 7 17 8:57:10.827
2019 7 17 8:57:8.399
2019 7 17 8:57:10.827
2019 7 17 8:57:16.569
2019 7 17 8:57:8.921
2019 7 17 8:57:8.399
2019 7 17 8:57:10.827
2019 7 17 8:57:16.569
2019 7 17 8:57:8.399
2019 7 17 8:57:10.827
2019 7 17 8:57:16.569
2019 7 17 8:57:10.827
2019 7 17 8:57:10.305
2019 7 17 8:57:8.399
2019 7 17 8:57:10.827
2019 7 17 8:57:13.959
2019 7 17 8:57:15.003
2019 7 17 8:57:9.783
2019 7 17 8:57:10.305
2019 7 17 8:57:15.525
2019 7 17 8:57:14.481
2019 7 17 8:57:10.305
2019 7 17 8:57:13.437
2019 7 17 8:57:10.827
2019 7 17 8:57:15.525
2019 7 17 8:57:10.827
2019 7 17 8:57:8.921
2019 7 17 8:57:11.871
2019 7 17 8:57:15.003
2019 7 17 8:57:10.827
2019 7 17 8:57:10.305
2019 7 17 8:57:13.437
2019 7 17 8:57:16.569
2019 7 17 8:57:10.827
2019 7 17 8:57:7.877
2019 7 17 8:57:9.783
2019 7 17 8:57:12.915
2019 7 17 8:57:16.047
2019 7 17 8:57:10.827
2019 7 17 8:57:7.877
2019 7 17 8:57:9.783
2019 7 17 8:57:12.915
2019 7 17 8:57:16.047
2019 7 17 8:57:10.827
2019 7 17 8:57:7.877
2019 7 17 8:57:8.921
2019 7 17 8:57:15.003
2019 7 17 8:57:7.877
2019 7 17 8:57:9.783
2019 7 17 8:57:12.915
2019 7 17 8:57:16.047
2019 7 17 8:57:10.827
2019 7 17 8:57:9.783
2019 7 17 8:57:16.047
2019 7 17 8:57:10.305
2019 7 17 8:57:16.569
2019 7 17 8:57:10.827
2019 7 17 8:57:17.091
2019 7 17 8:57:10.305
2019 7 17 8:57:16.569
2019 7 17 8:57:9.783
2019 7 17 8:57:10.827
2019 7 17 8:57:17.091
2019 7 17 8:57:10.827
2019 7 17 8:57:10.827
2019 7 17 8:57:13.959
2019 7 17 8:57:17.091
2019 7 17 8:57:10.827
2019 7 17 8:57:8.399
2019 7 17 8:57:13.959
2019 7 17 8:57:7.877
2019 7 17 8:57:9.783
2019 7 17 8:57:12.915
2019 7 17 8:57:16.047
2019 7 17 8:57:10.305
2019 7 17 8:57:13.437
2019 7 17 8:57:16.569
2019 7 17 8:57:7.877
2019 7 17 8:57:9.783
2019 7 17 8:57:12.915
2019 7 17 8:57:16.047
2019 7 17 8:57:10.305
2019 7 17 8:57:13.437
2019 7 17 8:57:16.569
2019 7 17 8:57:7.877
2019 7 17 8:57:9.783
2019 7 17 8:57:12.915
2019 7 17 8:57:16.047
2019 7 17 8:57:8.399
2019 7 17 8:57:10.827
2019 7 17 8:57:10.305
2019 7 17 8:57:7.877
2019 7 17 8:57:9.783
2019 7 17 8:57:13.437
2019 7 17 8:57:8.921
2019 7 17 8:57:9.783
2019 7 17 8:57:10.305
2019 7 17 8:57:16.569
2019 7 17 8:57:11.349
2019 7 17 8:57:15.003
2019 7 17 8:57:10.827
2019 7 17 8:57:17.091
2019 7 17 8:57:10.305
2019 7 17 8:57:9.783
2019 7 17 8:57:16.047
2019 7 17 8:57:10.827
2019 7 17 8:57:17.091
2019 7 17 8:57:9.261
2019 7 17 8:57:10.827
2019 7 17 8:57:10.827
2019 7 17 8:57:14.481
2019 7 17 8:57:10.827
2019 7 17 8:57:10.305
2019 7 17 8:57:13.959
2019 7 17 8:57:10.827
2019 7 17 8:57:10.305
2019 7 17 8:57:13.959
2019 7 17 8:57:7.877
2019 7 17 8:57:9.783
2019 7 17 8:57:13.437
2019 7 17 8:57:7.877
2019 7 17 8:57:9.783
2019 7 17 8:57:13.437
2019 7 17 8:57:7.877
2019 7 17 8:57:9.783
2019 7 17 8:57:13.437
2019 7 17 8:57:7.877
2019 7 17 8:57:9.783
2019 7 17 8:57:13.437
2019 7 17 8:57:9.261
2019 7 17 8:57:10.827
2019 7 17 8:57:14.481
2019 7 17 8:57:9.783
2019 7 17 8:57:10.827
2019 7 17 8:57:16.047
2019 7 17 8:57:10.305
2019 7 17 8:57:9.261
2019 7 17 8:57:10.827
2019 7 17 8:57:10.305
2019 7 17 8:57:9.783
2019 7 17 8:57:10.827
2019 7 17 8:57:9.261
2019 7 17 8:57:7.877
2019 7 17 8:57:9.783
2019 7 17 8:57:13.437
2019 7 17 8:57:11.349
2019 7 17 8:57:15.003
2019 7 17 8:57:10.827
2019 7 17 8:57:8.399
2019 7 17 8:57:14.481
2019 7 17 8:57:7.877
2019 7 17 8:57:9.783
2019 7 17 8:57:13.437
2019 7 17 8:57:10.305
2019 7 17 8:57:13.959
2019 7 17 8:57:7.877
2019 7 17 8:57:9.783
2019 7 17 8:57:13.437
2019 7 17 8:57:10.305
2019 7 17 8:57:13.959
2019 7 17 8:57:7.877
2019 7 17 8:57:9.783
2019 7 17 8:57:13.437
2019 7 17 8:57:7.877
2019 7 17 8:57:9.783
2019 7 17 8:57:13.437
2019 7 17 8:57:16.569
2019 7 17 8:57:10.305
2019 7 17 8:57:16.569
2019 7 17 8:57:10.827
2019 7 17 8:57:9.783
2019 7 17 8:57:16.047
2019 7 17 8:57:7.877
2019 7 17 8:57:8.921
2019 7 17 8:57:15.003
2019 7 17 8:57:15.525
2019 7 17 8:57:10.827
2019 7 17 8:57:16.569
2019 7 17 8:57:10.305
2019 7 17 8:57:10.827
2019 7 17 8:57:15.525
2019 7 17 8:57:8.399
2019 7 17 8:57:14.481
2019 7 17 8:57:9.261
2019 7 17 8:57:15.525
2019 7 17 8:57:10.827
2019 7 17 8:57:14.481
2019 7 17 8:57:11.349
2019 7 17 8:57:15.003
2019 7 17 8:57:8.399
2019 7 17 8:57:14.481
2019 7 17 8:57:8.399
2019 7 17 8:57:14.481
2019 7 17 8:57:8.921
2019 7 17 8:57:15.003
2019 7 17 8:57:10.827
2019 7 17 8:57:14.481
2019 7 17 8:57:10.827
2019 7 17 8:57:14.481
2019 7 17 8:57:10.827
2019 7 17 8:57:14.481
2019 7 17 8:57:10.827
2019 7 17 8:57:14.481
2019 7 17 8:57:11.349
2019 7 17 8:57:15.003
2019 7 17 8:57:10.305
2019 7 17 8:57:13.959
2019 7 17 8:57:9.783
2019 7 17 8:57:16.047
2019 7 17 8:57:10.827
2019 7 17 8:57:9.783
2019 7 17 8:57:10.305
2019 7 17 8:57:9.261
2019 7 17 8:57:15.525
2019 7 17 8:57:10.827
2019 7 17 8:57:10.305
2019 7 17 8:57:9.783
2019 7 17 8:57:10.827
2019 7 17 8:57:11.349
2019 7 17 8:57:15.003
2019 7 17 8:57:10.827
2019 7 17 8:57:8.921
2019 7 17 8:57:15.003
2019 7 17 8:57:8.399
2019 7 17 8:57:14.481
2019 7 17 8:57:8.921
2019 7 17 8:57:10.305
2019 7 17 8:57:13.959
2019 7 17 8:57:8.399
2019 7 17 8:57:14.481
2019 7 17 8:57:10.827
2019 7 17 8:57:14.481
2019 7 17 8:57:8.399
2019 7 17 8:57:14.481
2019 7 17 8:57:10.827
2019 7 17 8:57:14.481
2019 7 17 8:57:8.399
2019 7 17 8:57:14.481
2019 7 17 8:57:8.399
2019 7 17 8:57:14.481
2019 7 17 8:57:10.305
2019 7 17 8:57:9.783
2019 7 17 8:57:10.827
2019 7 17 8:57:8.399
2019 7 17 8:57:9.261
2019 7 17 8:57:9.261
2019 7 17 8:57:10.827
2019 7 17 8:57:10.305
2019 7 17 8:57:9.783
2019 7 17 8:57:10.827
2019 7 17 8:57:9.261
2019 7 17 8:57:10.827
2019 7 17 8:57:8.921
2019 7 17 8:57:10.305
2019 7 17 8:57:8.921
2019 7 17 8:57:8.399
2019 7 17 8:57:10.827
2019 7 17 8:57:8.399
2019 7 17 8:57:8.921
2019 7 17 8:57:8.399
2019 7 17 8:57:8.399
2019 7 17 8:57:8.921
2019 7 17 8:57:10.827
2019 7 17 8:57:9.261
2019 7 17 8:57:12.393
