2020 3 25 11:38:44.666
2020 3 25 11:38:40.49
2020 3 25 11:38:38.402
2020 3 25 11:38:40.49
2020 3 25 11:38:40.49
2020 3 25 11:38:40.49
2020 3 25 11:38:40.49
2020 3 25 11:38:40.49
2020 3 25 11:38:40.49
2020 3 25 11:38:42.578
2020 3 25 11:38:40.49
2020 3 25 11:38:38.402
2020 3 25 11:38:38.402
2020 3 25 11:38:38.402
2020 3 25 11:38:42.578
2020 3 25 11:38:38.402
2020 3 25 11:38:42.578
2020 3 25 11:38:40.49
2020 3 25 11:38:38.402
2020 3 25 11:38:40.49
2020 3 25 11:38:38.402
2020 3 25 11:38:40.49
2020 3 25 11:38:38.402
2020 3 25 11:38:40.49
2020 3 25 11:38:38.402
2020 3 25 11:38:42.578
2020 3 25 11:38:42.578
2020 3 25 11:38:40.49
2020 3 25 11:38:40.49
2020 3 25 11:38:38.402
2020 3 25 11:38:38.402
2020 3 25 11:38:38.402
2020 3 25 11:38:38.402
2020 3 25 11:38:42.578
2020 3 25 11:38:38.402
2020 3 25 11:38:40.49
2020 3 25 11:38:38.402
2020 3 25 11:38:40.49
2020 3 25 11:38:38.402
2020 3 25 11:38:40.49
2020 3 25 11:38:38.402
2020 3 25 11:38:38.402
2020 3 25 11:38:38.402
2020 3 25 11:38:42.578
2020 3 25 11:38:40.49
2020 3 25 11:38:42.578
2020 3 25 11:38:40.49
2020 3 25 11:38:40.49
2020 3 25 11:38:42.578
2020 3 25 11:38:42.578
2020 3 25 11:38:42.578
2020 3 25 11:38:42.578
2020 3 25 11:38:42.578
