2017 3 7 4:21:44.182
2017 3 7 4:22:27.666
2017 3 7 4:22:23.49
2017 3 7 4:23:5.408
2017 3 7 4:22:27.666
2017 3 7 4:22:36.018
2017 3 7 4:22:29.754
2017 3 7 4:22:33.93
2017 3 7 4:22:29.754
2017 3 7 4:22:27.666
2017 3 7 4:22:21.402
2017 3 7 4:23:3.32
2017 3 7 4:22:19.314
2017 3 7 4:23:1.232
2017 3 7 4:22:19.314
2017 3 7 4:23:1.232
2017 3 7 4:22:19.314
2017 3 7 4:23:1.232
2017 3 7 4:22:21.402
2017 3 7 4:22:33.93
2017 3 7 4:23:7.496
2017 3 7 4:22:31.842
2017 3 7 4:22:27.666
2017 3 7 4:22:31.842
2017 3 7 4:22:29.754
2017 3 7 4:22:27.666
2017 3 7 4:22:21.402
2017 3 7 4:22:29.754
2017 3 7 4:23:3.32
2017 3 7 4:22:36.018
2017 3 7 4:22:33.93
2017 3 7 4:22:23.49
2017 3 7 4:22:33.93
2017 3 7 4:23:7.496
2017 3 7 4:22:21.402
2017 3 7 4:22:29.754
2017 3 7 4:23:3.32
2017 3 7 4:22:31.842
2017 3 7 4:23:5.408
2017 3 7 4:22:21.402
2017 3 7 4:22:29.754
2017 3 7 4:23:3.32
2017 3 7 4:22:31.842
2017 3 7 4:23:5.408
2017 3 7 4:22:21.402
2017 3 7 4:22:29.754
2017 3 7 4:23:3.32
2017 3 7 4:22:21.402
2017 3 7 4:22:29.754
2017 3 7 4:23:3.32
2017 3 7 4:22:29.754
2017 3 7 4:22:36.018
2017 3 7 4:22:33.93
2017 3 7 4:22:33.93
2017 3 7 4:22:36.018
2017 3 7 4:22:33.93
2017 3 7 4:22:33.93
2017 3 7 4:22:36.018
2017 3 7 4:22:33.93
2017 3 7 4:22:33.93
2017 3 7 4:22:33.93
2017 3 7 4:22:33.93
2017 3 7 4:22:31.842
2017 3 7 4:22:33.93
2017 3 7 4:22:31.842
2017 3 7 4:22:33.93
2017 3 7 4:22:33.93
2017 3 7 4:22:33.93
2017 3 7 4:22:33.93
2017 3 7 4:22:33.93
2017 3 7 4:22:33.93
2017 3 7 4:22:33.93
2017 3 7 4:22:31.842
2017 3 7 4:22:33.93
2017 3 7 4:22:33.93
2017 3 7 4:22:33.93
2017 3 7 4:22:33.93
2017 3 7 4:22:33.93
2017 3 7 4:22:33.93
