Seuls Seuil Actif, Seuil inactif, nb canal max, nb pas et pas bugs sont optimisés. Les autres sont fixés. Et de nouveaux cas négatifs ont été rajoutés dans File 1
nb canaux min =1
canal max 32 = 28
canal min 32 = 3
canal max 16 = 14
canal min 16 = 3
nbr vide = 15
___________________________
___________________________
[86, 50, 1, 3, 2] inf [30, 30, 1, 3, 2] :: [56, 50, 1, 3, 4] 0.22608695652173913 [1, 1, 1, 1, 1]0.22608695652173913
___________________________
[75, 43, 1, 6, 0] inf [29, 30, 1, 3, 2] :: [75, 28, 1, 0, 0] 0.16521739130434782 [1, 1, 1, 1, 1]0.16521739130434782
___________________________
[18, 12, 2, 6, 1] inf [28, 28, 1, 3, 2] :: [21, 5, 3, 0, 0] 0.10434782608695652 [1, 1, 1, 1, 1]0.10434782608695652
___________________________
[75, 49, 0, 4, 1] inf [30, 27, 1, 3, 3] :: [75, 49, 1, 0, 0] 0.1782608695652174 [1, 1, 1, 1, 1]0.1782608695652174
___________________________
[78, 9, 1, 2, 2] inf [30, 30, 1, 3, 2] :: [85, 39, 1, 1, 0] 0.18695652173913044 [1, 1, 1, 1, 1]0.18695652173913044
___________________________
[78, 6, 3, 4, 0] inf [30, 29, 1, 3, 2] :: [11, 6, 2, 1, 1] 0.06521739130434782 [1, 1, 1, 1, 1]0.06521739130434782
___________________________
[48, 35, 1, 2, 3] inf [30, 30, 1, 3, 2] :: [48, 35, 1, 2, 0] 0.1956521739130435 [1, 1, 1, 1, 1]0.1956521739130435
___________________________
[6, 6, 0, 5, 2] inf [26, 30, 1, 3, 2] :: [12, 6, 2, 1, 1] 0.06521739130434782 [1, 1, 1, 1, 1]0.06521739130434782
___________________________
[32, 18, 0, 2, 1] inf [30, 27, 1, 3, 3] :: [62, 18, 2, 2, 1] 0.18695652173913044 [1, 1, 1, 1, 1]0.18695652173913044
___________________________
[27, 28, 2, 5, 0] inf [30, 27, 1, 3, 3] :: [23, 25, 3, 5, 3] 0.22608695652173913 [1, 1, 1, 1, 1]0.22608695652173913
___________________________
[86, 33, 3, 6, 0] inf [30, 30, 1, 3, 2] :: [11, 3, 3, 1, 1] 0.08260869565217391 [1, 1, 1, 1, 1]0.08260869565217391
___________________________
[87, 35, 1, 0, 1] inf [30, 30, 1, 3, 2] :: [72, 20, 1, 0, 1] 0.15217391304347827 [1, 1, 1, 1, 1]0.15217391304347827
___________________________
[67, 57, 3, 4, 5] inf [30, 29, 1, 3, 2] :: [67, 28, 3, 4, 5] 0.21304347826086958 [1, 1, 1, 1, 1]0.21304347826086958
___________________________
[4, 13, 2, 5, 0] inf [30, 27, 1, 3, 2] :: [14, 7, 2, 1, 1] 0.09130434782608696 [1, 1, 1, 1, 1]0.09130434782608696
___________________________
___________________________
___________________________
___________________________
[77, 23, 3, 4, 5] inf [30, 30, 1, 3, 3] :: [44, 23, 3, 4, 5] 0.20869565217391303 [1, 1, 1, 1, 1]0.20869565217391303
___________________________
___________________________
[11, 2, 1, 4, 2] inf [30, 27, 1, 3, 2] :: [11, 5, 3, 1, 2] 0.09130434782608696 [1, 1, 1, 1, 1]0.09130434782608696
___________________________
[80, 37, 3, 5, 6] inf [30, 30, 1, 3, 3] :: [50, 37, 3, 5, 6] 0.2434782608695652 [1, 1, 1, 1, 1]0.2434782608695652
___________________________
___________________________
[89, 2, 0, 6, 6] inf [30, 28, 1, 3, 2] :: [89, 58, 2, 6, 6] 0.2608695652173913 [1, 1, 1, 1, 1]0.2608695652173913
___________________________
[69, 31, 2, 2, 3] inf [30, 30, 1, 3, 3] :: [69, 31, 3, 2, 3] 0.22608695652173913 [1, 1, 1, 1, 1]0.22608695652173913
___________________________
[68, 43, 1, 3, 4] inf [30, 30, 1, 3, 3] :: [68, 43, 2, 3, 4] 0.22608695652173913 [1, 1, 1, 1, 1]0.22608695652173913
___________________________
[33, 10, 2, 1, 1] inf [27, 30, 1, 3, 3] :: [6, 10, 2, 2, 1] 0.11739130434782608 [1, 1, 1, 1, 1]0.11739130434782608
___________________________
[62, 25, 0, 3, 1] inf [29, 30, 1, 3, 3] :: [76, 22, 1, 0, 1] 0.15217391304347827 [1, 1, 1, 1, 1]0.15217391304347827
___________________________
[51, 37, 0, 3, 2] inf [29, 30, 1, 3, 2] :: [51, 37, 2, 3, 4] 0.22608695652173913 [1, 1, 1, 1, 1]0.22608695652173913
___________________________
[72, 2, 1, 5, 3] inf [27, 30, 1, 3, 2] :: [72, 32, 1, 2, 3] 0.22608695652173913 [1, 1, 1, 1, 1]0.22608695652173913
___________________________
___________________________
[66, 41, 2, 2, 2] inf [29, 30, 1, 3, 2] :: [59, 11, 2, 1, 2] 0.1826086956521739 [1, 1, 1, 1, 1]0.1826086956521739
___________________________
[85, 32, 1, 4, 4] inf [30, 26, 1, 3, 3] :: [55, 58, 2, 4, 5] 0.21304347826086958 [1, 1, 1, 1, 1]0.21304347826086958
___________________________
[52, 26, 0, 4, 4] inf [26, 30, 1, 3, 3] :: [52, 56, 2, 4, 5] 0.21304347826086958 [1, 1, 1, 1, 1]0.21304347826086958
___________________________
[74, 35, 0, 6, 4] inf [30, 30, 1, 3, 3] :: [74, 35, 2, 3, 4] 0.22608695652173913 [1, 1, 1, 1, 1]0.22608695652173913
___________________________
[79, 6, 0, 5, 6] inf [30, 29, 1, 3, 2] :: [49, 35, 3, 5, 6] 0.2434782608695652 [1, 1, 1, 1, 1]0.2434782608695652
___________________________
