___________________________
[84, 0, 1, 3, 1, 0, 8] inf [26, 30, 1, 1, 3, 3, 2] :: [58, 0, 0, 2, 0, 0, 8] 0.09142857142857143 [1, 1, 1, 1, 1, 1, 1]0.09142857142857143
___________________________
[49, 4, 0, 1, 3, 1, 5] inf [26, 26, 1, 1, 3, 3, 1] :: [49, 1, 0, 2, 0, 1, 5] 0.10857142857142857 [1, 1, 1, 1, 1, 1, 1]0.10857142857142857
___________________________
___________________________
[69, 42, 0, 1, 4, 4, 0] inf [29, 26, 1, 1, 2, 2, 3] :: [69, 42, 0, 1, 4, 5, 3] 0.2457142857142857 [1, 1, 1, 1, 1, 1, 1]0.2457142857142857
___________________________
[49, 0, 2, 1, 5, 3, 1] inf [29, 22, 1, 1, 1, 1, 2] :: [49, 0, 2, 1, 5, 3, 1] inf [1, 1, 1, 1, 1, 1, 1]inf
___________________________
[42, 4, 0, 0, 4, 5, 6] inf [29, 22, 1, 1, 1, 0, 2] :: [42, 2, 0, 2, 4, 5, 6] 0.11428571428571428 [1, 1, 1, 1, 1, 0, 1]0.11428571428571428
___________________________
[20, 17, 0, 2, 1, 0, 3] inf [29, 19, 1, 1, 0, 0, 2] :: [20, 17, 0, 2, 1, 0, 5] 0.29714285714285715 [29, 19, 1, 1, 0, 0, 2]0.29714285714285715
___________________________
[59, 22, 0, 3, 3, 2, 1] inf [27, 16, 1, 1, -1, -1, 2] :: [59, 22, 0, 3, 4, 2, 1] 0.3028571428571428 [27, 16, 1, 1, -1, -1, 2]0.3028571428571428
___________________________
___________________________
[48, 24, 2, 2, 2, 1, 1] inf [29, 30, 1, 1, 2, 3, 2] :: [77, 9, 0, 1, 0, 0, 1] 0.14857142857142858 [1, 1, 1, 1, 1, 1, 1]0.14857142857142858
___________________________
[3, 1, 1, 1, 5, 1, 7] inf [29, 30, 1, 1, 3, 3, 3] :: [10, 1, 0, 2, 2, 1, 7] 0.08571428571428572 [1, 1, 1, 1, 1, 1, 1]0.08571428571428572
___________________________
___________________________
Ajouter 5 au deuxième arg précédemment
[10, 6, 0, 2, 2, 1, 7] inf [3, 4, 1, 1, 1, 1, 1] :: [7, 6, 0, 2, 2, 1, 7] 0.08571428571428572 [1, 1, 1, 1, 1, 1, 1]0.08571428571428572
___________________________
[60, 30, 1, 3, 1, 2, 4] inf [29, 26, 1, 1, 3, 3, 3] :: [60, 4, 0, 2, 1, 2, 7] 0.14857142857142858 [1, 1, 1, 1, 1, 1, 1]0.14857142857142858
___________________________
[75, 33, 2, 3, 0, 1, 2] inf [28, 30, 1, 1, 2, 2, 3] :: [75, 3, 0, 3, 0, 1, 2] 0.14857142857142858 [1, 1, 1, 1, 1, 1, 1]0.14857142857142858
___________________________
[71, 56, 0, 2, 2, 2, 3] inf [30, 27, 1, 1, 2, 2, 2] :: [71, 56, 0, 1, 4, 2, 3] 0.2857142857142857 [1, 1, 1, 1, 1, 1, 1]0.2857142857142857
___________________________
[36, 22, 0, 3, 6, 5, 6] inf [30, 28, 1, 1, 3, 2, 2] :: [51, 22, 0, 2, 5, 6, 6] 0.2057142857142857 [1, 1, 1, 1, 1, 1, 1]0.2057142857142857
___________________________
[30, 32, 1, 0, 4, 4, 2] inf [26, 28, 1, 1, 2, 3, 3] :: [56, 32, 0, 2, 4, 5, 2] 0.26285714285714284 [1, 1, 1, 1, 1, 1, 1]0.26285714285714284
___________________________
[47, 27, 0, 1, 4, 4, 5] inf [30, 30, 1, 1, 3, 3, 2] :: [77, 57, 0, 1, 4, 5, 7] 0.18857142857142856 [1, 1, 1, 1, 1, 1, 1]0.18857142857142856
___________________________
[79, 39, 1, 3, 5, 3, 2] inf [30, 27, 1, 1, 3, 2, 2] :: [71, 39, 0, 3, 2, 1, 2] 0.26285714285714284 [1, 1, 1, 1, 1, 1, 1]0.26285714285714284
___________________________
[77, 29, 2, 1, 3, 1, 4] inf [26, 26, 1, 1, 2, 2, 3] :: [70, 16, 0, 1, 0, 0, 7] 0.09142857142857143 [1, 1, 1, 1, 1, 1, 1]0.09142857142857143
___________________________
[59, 14, 2, 2, 5, 6, 8] inf [30, 28, 1, 1, 3, 3, 3] :: [59, 14, 2, 2, 5, 6, 8] inf [1, 1, 1, 1, 1, 1, 1]inf
___________________________
[42, 33, 1, 0, 4, 3, 1] inf [27, 30, 1, 1, 2, 2, 2] :: [69, 18, 0, 1, 0, 0, 1] 0.14857142857142858 [1, 1, 1, 1, 1, 1, 1]0.14857142857142858
___________________________
[64, 3, 0, 2, 5, 5, 5] inf [30, 30, 1, 1, 3, 2, 3] :: [64, 33, 0, 2, 4, 5, 8] 0.2057142857142857 [1, 1, 1, 1, 1, 1, 1]0.2057142857142857
___________________________
[65, 58, 2, 2, 1, 0, 3] inf [30, 30, 1, 1, 2, 3, 3] :: [72, 58, 0, 2, 0, 0, 6] 0.12571428571428572 [1, 1, 1, 1, 1, 1, 1]0.12571428571428572
___________________________
[7, 11, 1, 2, 6, 2, 6] inf [28, 30, 1, 1, 3, 3, 2] :: [14, 4, 0, 3, 2, 3, 6] 0.06857142857142857 [1, 1, 1, 1, 1, 1, 1]0.06857142857142857
___________________________
___________________________
A partir: canalmax=24
___________________________
[38, 12, 2, 1, 4, 1, 2] inf [27, 30, 1, 1, 3, 2, 3] :: [17, 12, 0, 1, 1, 2, 5] 0.12000000000000001 [1, 1, 1, 1, 1, 1, 1]0.12000000000000001
___________________________
[67, 11, 0, 0, 5, 5, 4] inf [30, 28, 1, 1, 2, 3, 2] :: [67, 8, 0, 2, 4, 5, 4] 0.22857142857142856 [1, 1, 1, 1, 1, 1, 1]0.22857142857142856
___________________________
[78, 3, 0, 2, 1, 0, 8] inf [28, 29, 1, 1, 2, 2, 3] :: [22, 3, 0, 3, 1, 0, 8] 0.08571428571428572 [1, 1, 1, 1, 1, 1, 1]0.08571428571428572
___________________________
[51, 18, 0, 1, 4, 1, 1] inf [27, 30, 1, 1, 2, 2, 2] :: [51, 18, 0, 0, 0, 0, 3] 0.14857142857142858 [1, 1, 1, 1, 1, 1, 1]0.14857142857142858
___________________________
[56, 57, 2, 3, 5, 3, 2] inf [30, 30, 1, 1, 2, 2, 3] :: [56, 57, 0, 3, 5, 3, 2] 0.3028571428571428 [1, 1, 1, 1, 1, 1, 1]0.3028571428571428
___________________________
[50, 57, 0, 3, 3, 3, 0] inf [29, 26, 1, 1, 3, 2, 2] :: [72, 57, 0, 3, 0, 0, 0] 0.1657142857142857 [1, 1, 1, 1, 1, 1, 1]0.1657142857142857
___________________________
[24, 0, 1, 3, 5, 4, 5] inf [26, 30, 1, 1, 2, 2, 2] :: [44, 30, 0, 2, 3, 4, 5] 0.21714285714285714 [1, 1, 1, 1, 1, 1, 1]0.21714285714285714
___________________________
[81, 17, 0, 0, 2, 2, 1] inf [29, 30, 1, 1, 3, 3, 3] :: [23, 14, 0, 0, 1, 2, 1] 0.26285714285714284 [1, 1, 1, 1, 1, 1, 1]0.26285714285714284
___________________________
[45, 18, 0, 3, 5, 6, 1] inf [28, 27, 1, 1, 2, 2, 3] :: [73, 18, 0, 3, 5, 6, 1] 0.26285714285714284 [1, 1, 1, 1, 1, 1, 1]0.26285714285714284
___________________________
[61, 24, 0, 2, 5, 1, 7] inf [30, 30, 1, 1, 2, 3, 3] :: [46, 6, 0, 2, 3, 4, 7] 0.13142857142857142 [1, 1, 1, 1, 1, 1, 1]0.13142857142857142
___________________________
[61, 54, 1, 1, 5, 1, 6] inf [26, 30, 1, 1, 3, 3, 2] :: [61, 24, 0, 1, 2, 1, 6] 0.2057142857142857 [1, 1, 1, 1, 1, 1, 1]0.2057142857142857
___________________________
[82, 52, 2, 1, 3, 3, 6] inf [27, 30, 1, 1, 2, 2, 2] :: [55, 52, 0, 1, 5, 3, 6] 0.22857142857142856 [1, 1, 1, 1, 1, 1, 1]0.22857142857142856
___________________________
[58, 57, 0, 2, 6, 0, 8] inf [30, 30, 1, 1, 3, 2, 3] :: [73, 57, 0, 2, 0, 0, 8] 0.10857142857142857 [1, 1, 1, 1, 1, 1, 1]0.10857142857142857
___________________________
[90, 20, 2, 1, 2, 1, 1] inf [27, 29, 1, 1, 2, 3, 3] :: [76, 13, 0, 1, 0, 1, 1] 0.14857142857142858 [1, 1, 1, 1, 1, 1, 1]0.14857142857142858
___________________________
[9, 0, 1, 0, 5, 0, 4] inf [30, 29, 1, 1, 2, 2, 3] :: [9, 0, 1, 0, 5, 0, 4] inf [1, 1, 1, 1, 1, 1, 1]inf
___________________________
[45, 13, 0, 1, 6, 5, 6] inf [30, 26, 1, 1, 3, 2, 3] :: [15, 13, 0, 1, 6, 6, 6] 0.26285714285714284 [1, 1, 1, 1, 1, 1, 1]0.26285714285714284
___________________________
[11, 4, 1, 0, 6, 2, 2] inf [30, 29, 1, 1, 3, 2, 2] :: [14, 4, 0, 3, 3, 4, 6] 0.17714285714285716 [1, 1, 1, 1, 1, 1, 1]0.17714285714285716
___________________________
[80, 38, 2, 3, 3, 1, 5] inf [26, 30, 1, 1, 2, 2, 3] :: [54, 5, 0, 2, 0, 1, 5] 0.09142857142857143 [1, 1, 1, 1, 1, 1, 1]0.09142857142857143
___________________________
[85, 57, 2, 3, 6, 6, 3] inf [30, 30, 1, 1, 2, 3, 3] :: [85, 57, 2, 3, 6, 6, 3] inf [1, 1, 1, 1, 1, 1, 1]inf
___________________________
[57, 56, 1, 1, 5, 2, 0] inf [27, 29, 1, 1, 2, 3, 3] :: [57, 56, 0, 1, 3, 2, 0] 0.32 [1, 1, 1, 1, 1, 1, 1]0.32
___________________________
[50, 3, 0, 3, 1, 0, 4] inf [30, 27, 1, 1, 2, 2, 3] :: [20, 3, 0, 3, 1, 0, 7] 0.08571428571428572 [1, 1, 1, 1, 1, 1, 1]0.08571428571428572
___________________________
[54, 18, 2, 2, 2, 1, 3] inf [30, 29, 1, 1, 2, 3, 2] :: [54, 11, 0, 1, 0, 0, 3] 0.10857142857142857 [1, 1, 1, 1, 1, 1, 1]0.10857142857142857
___________________________
[74, 23, 1, 0, 4, 5, 0] inf [28, 30, 1, 1, 3, 2, 3] :: [74, 53, 0, 1, 4, 5, 3] 0.2457142857142857 [1, 1, 1, 1, 1, 1, 1]0.2457142857142857
___________________________
___________________________
A partir : canalmax=28[51, 43, 0, 0, 4, 5, 1] inf [29, 30, 1, 1, 2, 3, 2] :: [37, 10, 0, 2, 4, 5, 1] 0.18857142857142856 [1, 1, 1, 1, 1, 1, 1]0.18857142857142856
___________________________
[70, 18, 1, 2, 6, 1, 7] inf [30, 27, 1, 1, 3, 3, 2] :: [70, 18, 0, 1, 0, 0, 7] 0.09142857142857143 [1, 1, 1, 1, 1, 1, 1]0.09142857142857143
___________________________
___________________________
[88, 0, 0, 1, 6, 2, 5] inf [29, 28, 1, 1, 2, 2, 3] :: [59, 56, 0, 1, 4, 2, 8] 0.22857142857142856 [1, 1, 1, 1, 1, 1, 1]0.22857142857142856
___________________________
[76, 14, 1, 2, 3, 2, 0] inf [30, 28, 1, 1, 3, 2, 3] :: [76, 7, 0, 2, 3, 4, 0] 0.2457142857142857 [1, 1, 1, 1, 1, 1, 1]0.2457142857142857
___________________________
[76, 23, 2, 2, 4, 4, 5] inf [30, 29, 1, 1, 2, 2, 3] :: [76, 9, 0, 2, 4, 5, 8] 0.18857142857142856 [1, 1, 1, 1, 1, 1, 1]0.18857142857142856
___________________________
[37, 24, 2, 3, 4, 1, 5] inf [26, 28, 1, 1, 2, 3, 2] :: [43, 7, 0, 2, 4, 1, 5] 0.17142857142857143 [1, 1, 1, 1, 1, 1, 1]0.17142857142857143
___________________________
[60, 2, 2, 3, 5, 6, 3] inf [30, 26, 1, 1, 2, 3, 3] :: [60, 2, 2, 3, 5, 6, 3] inf [1, 1, 1, 1, 1, 1, 1]inf
___________________________
[51, 7, 0, 3, 5, 5, 4] inf [30, 30, 1, 1, 3, 2, 2] :: [51, 37, 0, 3, 5, 3, 6] 0.2457142857142857 [1, 1, 1, 1, 1, 1, 1]0.2457142857142857
___________________________
[64, 54, 1, 1, 6, 1, 3] inf [26, 28, 1, 1, 2, 2, 2] :: [64, 12, 0, 1, 0, 1, 5] 0.10857142857142857 [1, 1, 1, 1, 1, 1, 1]0.10857142857142857
___________________________
[28, 26, 1, 2, 4, 0, 3] inf [26, 28, 1, 1, 2, 3, 3] :: [54, 26, 0, 2, 4, 3, 6] 0.2457142857142857 [1, 1, 1, 1, 1, 1, 1]0.2457142857142857
___________________________
[75, 13, 0, 3, 5, 1, 4] inf [30, 30, 1, 1, 2, 3, 3] :: [75, 13, 0, 1, 0, 1, 7] 0.09142857142857143 [1, 1, 1, 1, 1, 1, 1]0.09142857142857143
___________________________
[68, 40, 0, 0, 5, 6, 1] inf [30, 30, 1, 1, 2, 2, 3] :: [68, 40, 0, 2, 5, 6, 1] 0.26285714285714284 [1, 1, 1, 1, 1, 1, 1]0.26285714285714284
___________________________
