2019 10 31 0:2:33.006
2019 10 31 0:2:37.182
2019 10 31 0:14:5.704
2019 10 31 0:2:33.006
2019 10 31 0:2:37.182
2019 10 31 0:14:5.704
2019 10 31 0:2:33.006
2019 10 31 0:2:33.006
2019 10 31 0:2:37.182
2019 10 31 0:14:5.704
2019 10 31 0:2:33.006
2019 10 31 0:2:37.182
2019 10 31 0:14:5.704
2019 10 31 0:2:33.006
2019 10 31 0:2:37.182
2019 10 31 0:14:5.704
2019 10 31 0:2:43.446
2019 10 31 0:2:45.534
2019 10 31 0:2:41.358
2019 10 31 0:2:37.182
2019 10 31 0:2:35.094
2019 10 31 0:2:35.094
2019 10 31 0:2:33.006
2019 10 31 0:2:33.006
2019 10 31 0:2:33.006
2019 10 31 0:2:41.358
2019 10 31 0:2:39.27
2019 10 31 0:4:27.798
2019 10 31 0:2:43.446
2019 10 31 0:2:45.534
2019 10 31 0:2:35.094
2019 10 31 0:2:39.27
2019 10 31 0:2:45.534
2019 10 31 0:2:43.446
2019 10 31 0:2:41.358
2019 10 31 0:2:45.534
2019 10 31 0:2:39.27
2019 10 31 0:2:45.534
2019 10 31 0:2:37.182
2019 10 31 0:2:33.006
2019 10 31 0:4:25.71
2019 10 31 0:2:35.094
2019 10 31 0:2:37.182
2019 10 31 0:2:35.094
2019 10 31 0:2:37.182
2019 10 31 0:2:35.094
2019 10 31 0:2:37.182
2019 10 31 0:2:35.094
2019 10 31 0:2:35.094
2019 10 31 0:2:45.534
2019 10 31 0:2:43.446
2019 10 31 0:2:35.094
2019 10 31 0:2:39.27
2019 10 31 0:2:41.358
2019 10 31 0:2:43.446
2019 10 31 0:2:39.27
2019 10 31 0:2:45.534
2019 10 31 0:2:43.446
2019 10 31 0:2:41.358
2019 10 31 0:2:45.534
2019 10 31 0:2:39.27
2019 10 31 0:2:45.534
2019 10 31 0:2:37.182
2019 10 31 0:2:35.094
2019 10 31 0:2:37.182
2019 10 31 0:2:35.094
2019 10 31 0:2:37.182
2019 10 31 0:2:35.094
2019 10 31 0:2:37.182
2019 10 31 0:2:35.094
2019 10 31 0:2:35.094
2019 10 31 0:2:33.006
2019 10 31 0:2:37.182
2019 10 31 0:14:5.704
2019 10 31 0:2:43.446
2019 10 31 0:2:45.534
2019 10 31 0:2:41.358
2019 10 31 0:2:37.182
2019 10 31 0:2:35.094
2019 10 31 0:2:35.094
2019 10 31 0:2:33.006
2019 10 31 0:2:33.006
2019 10 31 0:2:33.006
2019 10 31 0:2:41.358
2019 10 31 0:2:39.27
2019 10 31 0:4:27.798
2019 10 31 0:2:43.446
2019 10 31 0:2:45.534
2019 10 31 0:2:35.094
2019 10 31 0:2:39.27
2019 10 31 0:2:45.534
2019 10 31 0:2:43.446
2019 10 31 0:2:41.358
2019 10 31 0:2:45.534
2019 10 31 0:2:39.27
2019 10 31 0:2:45.534
2019 10 31 0:2:37.182
2019 10 31 0:2:33.006
2019 10 31 0:4:25.71
2019 10 31 0:2:35.094
2019 10 31 0:2:37.182
2019 10 31 0:2:35.094
2019 10 31 0:2:37.182
2019 10 31 0:2:35.094
2019 10 31 0:2:37.182
2019 10 31 0:2:35.094
2019 10 31 0:2:35.094
2019 10 31 0:2:45.534
2019 10 31 0:2:43.446
2019 10 31 0:2:35.094
2019 10 31 0:2:39.27
2019 10 31 0:2:41.358
2019 10 31 0:2:43.446
2019 10 31 0:2:39.27
2019 10 31 0:2:45.534
2019 10 31 0:2:43.446
2019 10 31 0:2:41.358
2019 10 31 0:2:45.534
2019 10 31 0:2:39.27
2019 10 31 0:2:45.534
2019 10 31 0:2:37.182
2019 10 31 0:2:45.534
2019 10 31 0:2:35.094
2019 10 31 0:2:45.534
2019 10 31 0:2:33.006
2019 10 31 0:2:45.534
2019 10 31 0:2:33.006
2019 10 31 0:2:45.534
2019 10 31 0:2:33.006
