01 03 2017 01 16 24.106
02 02 2018 02 53 38.187
02 03 2017 03 31 14.093
02 08 2017 20 08 7.1790
03 07 2017 20 24 22.445
03 07 2017 22 19 52.533
03 08 2017 22 20 48.305
04 08 2017 15 07 31.349
05 08 2017 13 43 20.525
06 02 2018 04 23 36.760
07 11 2017 17 18 31.269
08 02 2018 21 53 18.716
09 07 2017 16 52 47.959
09 07 2017 20 42 28.657
09 08 2017 16 57 47.305
10 11 2017 18 26 35.319
11 02 2018 00 27 49.187
11 04 2017 18 48 44.401
11 04 2017 18 48 8.7479
11 04 2017 18 53 11.363
11 07 2017 17 41 11.613
11 07 2017 23 20 26.179
11 08 2017 19 37 27.657
12 01 2018 04 34 57.445
12 09 2017 09 36 39.263
13 10 2017 14 57 12.577
14 07 2017 16 51 10.657
14 08 2017 13 11 14.355
14 08 2017 17 00 55.915
15 02 2018 16 53 35.187
15 02 2018 16 54 33.967
15 10 2017 00 50 26.659
16 04 2017 16 55 2.0620
16 04 2017 16 55 43.797
16 07 2017 19 27 8.3930
16 10 2017 01 12 54.181
17 07 2017 10 25 2.9150
19 01 2018 09 00 51.657
19 01 2018 23 57 57.701
19 08 2017 15 05 27.047
19 08 2017 16 51 39.745
20 01 2018 00 00 5.1790
20 02 2017 07 24 34.835
20 04 2017 12 42 33.181
20 04 2017 18 18 57.194
20 04 2017 18 19 35.275
20 04 2017 18 20 33.533
20 04 2017 18 21 7.0999
20 04 2017 18 22 38.923
20 08 2017 15 25 15.701
20 08 2017 17 15 56.223
20 10 2017 02 39 40.659
21 04 2017 16 54 10.307
22 01 2018 06 21 28.569
22 03 2017 17 01 28.665
23 07 2017 20 10 20.393
23 08 2017 14 40 5.3110
24 04 2017 16 02 1.9179
24 04 2017 17 52 57.055
24 04 2017 17 54 5.7539
24 07 2017 12 56 0.0030
25 04 2017 16 24 35.747
25 07 2017 19 01 40.613
25 07 2017 20 54 38.871
26 01 2018 02 11 22.408
26 04 2017 14 53 22.275
26 07 2017 11 48 43.877
27 01 2018 00 44 19.194
27 01 2018 04 29 59.005
27 01 2018 04 32 31.540
27 06 2017 22 00 11.533
28 01 2018 01 04 29.408
28 02 2017 02 50 26.131
28 05 2017 08 39 24.785
28 07 2017 10 38 33.091
29 08 2017 07 19 8.6570
30 01 2018 03 41 10.106
30 03 2017 20 00 56.917
30 03 2017 20 01 45.099
31 07 2017 19 26 33.305
