2017 10 20 2:41:16.924
2017 10 20 2:42:24.056
2017 10 20 2:41:21.1
2017 10 20 2:42:24.056
2017 10 20 2:41:16.924
2017 10 20 2:42:24.056
2017 10 20 2:41:21.1
2017 10 20 2:42:24.056
2017 10 20 2:41:16.924
2017 10 20 2:42:24.056
2017 10 20 2:41:16.924
2017 10 20 2:42:24.056
2017 10 20 2:41:16.924
2017 10 20 2:42:24.056
2017 10 20 2:41:21.1
2017 10 20 2:42:24.056
2017 10 20 2:41:16.924
2017 10 20 2:42:24.056
2017 10 20 2:41:21.1
2017 10 20 2:42:24.056
2017 10 20 2:41:16.924
2017 10 20 2:42:24.056
2017 10 20 2:41:16.924
2017 10 20 2:42:24.056
2017 10 20 2:41:21.1
2017 10 20 2:42:24.056
2017 10 20 2:41:25.276
2017 10 20 2:41:21.1
2017 10 20 2:42:28.232
2017 10 20 2:41:19.012
2017 10 20 2:42:26.144
2017 10 20 2:41:19.012
2017 10 20 2:42:26.144
2017 10 20 2:41:16.924
2017 10 20 2:42:24.056
2017 10 20 2:41:16.924
2017 10 20 2:42:24.056
2017 10 20 2:41:16.924
2017 10 20 2:42:24.056
2017 10 20 2:41:21.1
2017 10 20 2:41:16.924
2017 10 20 2:41:21.1
2017 10 20 2:41:19.012
2017 10 20 2:41:14.836
2017 10 20 2:41:16.924
2017 10 20 2:41:19.012
2017 10 20 2:41:16.924
2017 10 20 2:41:19.012
2017 10 20 2:41:16.924
2017 10 20 2:41:19.012
2017 10 20 2:41:16.924
2017 10 20 2:41:16.924
2017 10 20 2:41:16.924
2017 10 20 2:41:21.1
2017 10 20 2:41:21.1
2017 10 20 2:41:21.1
2017 10 20 2:41:19.012
2017 10 20 2:41:16.924
2017 10 20 2:41:19.012
2017 10 20 2:41:16.924
2017 10 20 2:41:19.012
2017 10 20 2:41:16.924
2017 10 20 2:41:19.012
2017 10 20 2:41:16.924
2017 10 20 2:41:16.924
2017 10 20 2:41:19.012
2017 10 20 2:41:14.836
2017 10 20 2:41:21.1
2017 10 20 2:41:21.1
2017 10 20 2:41:19.012
2017 10 20 2:41:16.924
2017 10 20 2:41:14.836
2017 10 20 2:41:16.924
2017 10 20 2:41:14.836
2017 10 20 2:41:16.924
2017 10 20 2:41:14.836
2017 10 20 2:41:16.924
2017 10 20 2:41:16.924
2017 10 20 2:42:24.056
2017 10 20 2:41:21.1
2017 10 20 2:42:24.056
2017 10 20 2:41:25.276
2017 10 20 2:41:21.1
2017 10 20 2:42:28.232
2017 10 20 2:41:19.012
2017 10 20 2:42:26.144
2017 10 20 2:41:19.012
2017 10 20 2:42:26.144
2017 10 20 2:41:16.924
2017 10 20 2:42:24.056
2017 10 20 2:41:16.924
2017 10 20 2:42:24.056
2017 10 20 2:41:16.924
2017 10 20 2:42:24.056
2017 10 20 2:41:21.1
2017 10 20 2:41:16.924
2017 10 20 2:41:21.1
2017 10 20 2:41:19.012
2017 10 20 2:41:14.836
2017 10 20 2:41:16.924
2017 10 20 2:41:19.012
2017 10 20 2:41:16.924
2017 10 20 2:41:19.012
2017 10 20 2:41:16.924
2017 10 20 2:41:19.012
2017 10 20 2:41:16.924
2017 10 20 2:41:16.924
2017 10 20 2:41:16.924
2017 10 20 2:41:21.1
2017 10 20 2:41:21.1
2017 10 20 2:41:21.1
2017 10 20 2:41:19.012
2017 10 20 2:41:16.924
2017 10 20 2:41:14.836
2017 10 20 2:41:14.836
2017 10 20 2:41:14.836
2017 10 20 2:41:19.012
2017 10 20 2:41:14.836
2017 10 20 2:41:21.1
2017 10 20 2:41:21.1
2017 10 20 2:41:19.012
2017 10 20 2:41:16.924
2017 10 20 2:41:14.836
2017 10 20 2:41:16.924
2017 10 20 2:41:14.836
2017 10 20 2:41:16.924
2017 10 20 2:41:14.836
2017 10 20 2:41:16.924
2017 10 20 2:41:16.924
2017 10 20 2:41:16.924
2017 10 20 2:41:19.012
2017 10 20 2:42:26.144
2017 10 20 2:41:16.924
2017 10 20 2:42:24.056
2017 10 20 2:41:16.924
2017 10 20 2:42:24.056
2017 10 20 2:41:16.924
2017 10 20 2:41:19.012
2017 10 20 2:42:26.144
2017 10 20 2:41:16.924
2017 10 20 2:42:24.056
2017 10 20 2:41:16.924
2017 10 20 2:41:19.012
2017 10 20 2:42:26.144
2017 10 20 2:41:16.924
2017 10 20 2:42:24.056
2017 10 20 2:41:16.924
2017 10 20 2:42:24.056
2017 10 20 2:41:16.924
2017 10 20 2:41:19.012
2017 10 20 2:42:26.144
2017 10 20 2:41:16.924
2017 10 20 2:42:24.056
2017 10 20 2:41:16.924
2017 10 20 2:42:24.056
2017 10 20 2:41:16.924
2017 10 20 2:42:24.056
2017 10 20 2:41:16.924
2017 10 20 2:41:19.012
2017 10 20 2:42:26.144
2017 10 20 2:41:16.924
2017 10 20 2:42:24.056
2017 10 20 2:41:16.924
2017 10 20 2:42:24.056
2017 10 20 2:41:16.924
2017 10 20 2:41:19.012
2017 10 20 2:42:26.144
2017 10 20 2:41:16.924
2017 10 20 2:42:24.056
2017 10 20 2:41:16.924
2017 10 20 2:42:24.056
2017 10 20 2:41:16.924
2017 10 20 2:42:24.056
2017 10 20 2:41:16.924
2017 10 20 2:42:24.056
2017 10 20 2:41:16.924
2017 10 20 2:42:24.056
2017 10 20 2:41:16.924
2017 10 20 2:42:19.88
2017 10 20 2:41:16.924
2017 10 20 2:42:24.056
2017 10 20 2:41:16.924
2017 10 20 2:42:19.88
2017 10 20 2:41:16.924
2017 10 20 2:42:24.056
2017 10 20 2:41:16.924
2017 10 20 2:42:19.88
2017 10 20 2:41:19.012
2017 10 20 2:42:26.144
2017 10 20 2:41:16.924
2017 10 20 2:42:24.056
2017 10 20 2:41:16.924
2017 10 20 2:42:24.056
2017 10 20 2:41:16.924
2017 10 20 2:42:24.056
2017 10 20 2:41:16.924
2017 10 20 2:42:24.056
2017 10 20 2:41:16.924
2017 10 20 2:42:19.88
2017 10 20 2:41:19.012
2017 10 20 2:42:26.144
2017 10 20 2:41:16.924
2017 10 20 2:42:24.056
2017 10 20 2:41:16.924
2017 10 20 2:42:24.056
2017 10 20 2:41:16.924
2017 10 20 2:41:23.188
2017 10 20 2:41:16.924
2017 10 20 2:42:24.056
2017 10 20 2:41:16.924
2017 10 20 2:42:24.056
2017 10 20 2:41:16.924
2017 10 20 2:41:23.188
2017 10 20 2:41:16.924
2017 10 20 2:42:24.056
2017 10 20 2:41:16.924
2017 10 20 2:42:24.056
2017 10 20 2:41:16.924
2017 10 20 2:42:24.056
2017 10 20 2:41:16.924
2017 10 20 2:41:19.012
2017 10 20 2:42:26.144
2017 10 20 2:41:16.924
2017 10 20 2:42:24.056
2017 10 20 2:41:16.924
2017 10 20 2:42:24.056
2017 10 20 2:41:16.924
2017 10 20 2:42:24.056
2017 10 20 2:41:16.924
2017 10 20 2:42:24.056
2017 10 20 2:41:16.924
2017 10 20 2:42:24.056
2017 10 20 2:41:16.924
2017 10 20 2:42:19.88
2017 10 20 2:41:16.924
2017 10 20 2:41:21.1
2017 10 20 2:41:14.836
2017 10 20 2:40:56.408
2017 10 20 2:41:6.484
2017 10 20 2:40:56.408
2017 10 20 2:41:10.66
2017 10 20 2:40:56.408
2017 10 20 2:41:10.66
2017 10 20 2:40:56.408
2017 10 20 2:41:6.484
2017 10 20 2:40:56.408
2017 10 20 2:41:6.484
2017 10 20 2:40:56.408
2017 10 20 2:41:6.484
2017 10 20 2:40:56.408
2017 10 20 2:41:10.66
2017 10 20 2:40:56.408
2017 10 20 2:41:6.484
2017 10 20 2:41:6.484
2017 10 20 2:40:56.408
2017 10 20 2:41:6.484
2017 10 20 2:40:56.408
2017 10 20 2:41:6.484
2017 10 20 2:41:6.484
2017 10 20 2:41:8.572
2017 10 20 2:40:56.408
2017 10 20 2:41:6.484
2017 10 20 2:40:56.408
2017 10 20 2:41:6.484
2017 10 20 2:40:56.408
2017 10 20 2:41:6.484
2017 10 20 2:41:6.484
2017 10 20 2:40:56.408
2017 10 20 2:41:6.484
2017 10 20 2:40:56.408
2017 10 20 2:41:6.484
2017 10 20 2:41:6.484
2017 10 20 2:40:56.408
2017 10 20 2:41:10.66
2017 10 20 2:41:8.572
2017 10 20 2:40:54.32
2017 10 20 2:41:4.396
2017 10 20 2:40:56.408
2017 10 20 2:41:6.484
2017 10 20 2:40:56.408
2017 10 20 2:41:6.484
2017 10 20 2:40:56.408
2017 10 20 2:41:6.484
2017 10 20 2:40:56.408
2017 10 20 2:41:4.396
2017 10 20 2:40:54.32
2017 10 20 2:41:4.396
2017 10 20 2:40:54.32
2017 10 20 2:41:4.396
2017 10 20 2:41:4.396
2017 10 20 2:40:56.408
2017 10 20 2:40:54.32
2017 10 20 2:41:8.572
2017 10 20 2:40:54.32
2017 10 20 2:41:4.396
2017 10 20 2:40:54.32
2017 10 20 2:41:4.396
2017 10 20 2:40:54.32
2017 10 20 2:41:4.396
2017 10 20 2:41:4.396
2017 10 20 2:41:4.396
2017 10 20 2:40:54.32
2017 10 20 2:41:4.396
2017 10 20 2:41:4.396
2017 10 20 2:41:4.396
2017 10 20 2:41:4.396
2017 10 20 2:41:4.396
2017 10 20 2:40:54.32
2017 10 20 2:41:6.484
2017 10 20 2:41:4.396
2017 10 20 2:41:4.396
2017 10 20 2:41:4.396
2017 10 20 2:41:4.396
2017 10 20 2:40:54.32
2017 10 20 2:41:4.396
2017 10 20 2:41:8.572
2017 10 20 2:41:4.396
2017 10 20 2:41:4.396
2017 10 20 2:40:54.32
2017 10 20 2:41:4.396
2017 10 20 2:41:4.396
