2018 1 28 1:5:57.32
2018 1 28 1:5:57.32
2018 1 28 1:6:1.496
2018 1 28 1:6:3.584
2018 1 28 1:5:57.32
2018 1 28 1:6:1.496
2018 1 28 1:6:1.496
2018 1 28 1:6:1.496
2018 1 28 1:5:59.408
2018 1 28 1:5:59.408
2018 1 28 1:5:57.32
2018 1 28 1:5:57.32
2018 1 28 1:5:59.408
2018 1 28 1:5:57.32
2018 1 28 1:5:57.32
2018 1 28 1:5:57.32
2018 1 28 1:6:1.496
2018 1 28 1:6:1.496
2018 1 28 1:6:1.496
2018 1 28 1:5:59.408
2018 1 28 1:5:59.408
2018 1 28 1:5:57.32
2018 1 28 1:5:57.32
2018 1 28 1:5:59.408
2018 1 28 1:5:57.32
2018 1 28 1:5:57.32
2018 1 28 1:5:57.32
2018 1 28 1:6:1.496
2018 1 28 1:6:3.584
2018 1 28 1:6:3.584
2018 1 28 1:6:1.496
2018 1 28 1:5:59.408
2018 1 28 1:5:57.32
2018 1 28 1:5:59.408
2018 1 28 1:5:57.32
2018 1 28 1:5:59.408
2018 1 28 1:5:57.32
2018 1 28 1:5:57.32
2018 1 28 1:6:3.584
2018 1 28 1:5:59.408
2018 1 28 1:6:3.584
2018 1 28 1:6:3.584
2018 1 28 1:5:57.32
2018 1 28 1:6:1.496
2018 1 28 1:5:59.408
2018 1 28 1:6:1.496
2018 1 28 1:5:59.408
2018 1 28 1:6:1.496
2018 1 28 1:5:59.408
2018 1 28 1:6:1.496
