Nd: 7.4%
Fp: 27.8
Or: ?
================
Détectés: 25/27
2017/04/11-18.83
2017/04/16-16.94
2017/04/20-18.3
2017/04/24-16.05
2017/04/25-16.43
2017/07/03-20.42
2017/10/16-1.23
2017/10/20-2.68
2017/11/10-18.46
2018/01/30-3.7
2018/02/06-4.41
2017/07/09-16.9
2017/07/11-17.7
2017/07/14-16.87
2017/07/16-19.47
2017/07/23-20.19
2017/07/24-12.95
2017/07/28-10.66
2017/07/31-19.46
2017/08/03-22.37
2017/08/05-13.74
2017/08/14-13.21
2017/08/19-15.11
2017/08/20-15.44
2017/08/23-14.69
======================
Non détectés: 2/27
2018/01/27-0.76
2018/02/15-16.92
=================================================
2017 2 16 20:56:45.622
2017 2 16 20:57:8.748
2017 2 16 23:35:27.37
2017 2 16 23:35:42.144
2017 2 17 0:40:32.936
2017 2 20 7:26:6.924
2017 2 21 23:30:29.578
2017 2 24 2:13:28.534
2017 2 24 4:5:4.32
2017 2 24 4:5:24.358
2017 2 28 2:51:54.044
2017 3 1 1:17:56.352
2017 3 1 2:5:10.326
2017 3 1 10:35:20.188
2017 3 1 16:58:33.188
2017 3 2 3:32:46.182
2017 3 3 15:56:19.496
2017 3 5 18:26:37.308
2017 3 10 1:36:28.842
2017 3 12 2:21:10.698
2017 3 12 13:33:56.748
2017 3 15 16:30:35.452
2017 3 21 11:7:17.886
2017 3 21 11:10:13.182
2017 3 21 11:10:41.572
2017 3 21 14:47:1.886
2017 3 21 15:1:15.968
2017 3 22 17:2:58.666
2017 3 25 10:41:29.528
2017 3 25 10:41:42.056
2017 3 25 10:44:36.716
2017 3 26 22:22:25.93
2017 3 26 22:31:38.622
2017 3 27 11:17:44.786
2017 3 27 20:59:41.484
2017 3 28 15:42:42.276
2017 3 29 17:44:2.754
2017 3 30 20:2:26.918
2017 3 30 20:3:17.188
2017 3 30 20:5:49.358
2017 3 31 18:31:20.276
2017 4 4 8:41:57.836
2017 4 4 20:8:33.094
2017 4 4 20:9:14.49
2017 4 5 9:6:40.528
2017 4 5 14:37:16.578
2017 4 5 16:45:16.578
2017 4 6 20:47:34.886
2017 4 10 14:47:39.754
2017 4 10 20:25:55.54
2017 4 11 18:49:38.748
2017 4 11 18:50:18.578
2017 4 11 18:54:43.452
2017 4 16 16:56:36.238
2017 4 16 16:57:39.012
2017 4 17 17:18:5.886
2017 4 18 17:42:6.502
2017 4 20 12:44:3.182
2017 4 20 18:20:29.282
2017 4 20 18:22:5.622
2017 4 21 16:55:42.396
2017 4 24 16:3:34.006
2017 4 24 16:8:47.584
2017 4 24 17:53:51.402
2017 4 24 17:54:20.792
2017 4 24 17:55:35.754
2017 4 24 19:46:30.71
2017 4 24 19:48:17.15
2017 4 25 16:26:9.924
2017 4 25 18:18:17.754
2017 4 26 14:55:2.874
2017 4 26 18:36:50.314
2017 4 26 18:37:4.93
2017 4 30 5:42:22.135
2017 5 4 7:18:20.276
2017 5 4 7:18:41.314
2017 5 7 4:37:27.974
2017 5 7 6:25:56.842
2017 5 10 8:40:47.062
2017 5 14 5:13:16.76
2017 5 14 5:20:32.414
2017 5 14 7:5:52.094
2017 5 14 7:7:42.71
2017 5 14 7:15:40.282
2017 5 14 12:55:53.402
2017 5 15 13:11:28.484
2017 5 16 2:15:0.276
2017 5 16 2:18:41.484
2017 5 18 3:3:31.012
2017 5 19 7:2:13.534
2017 5 19 18:23:14.54
2017 5 21 4:10:5.006
2017 5 22 23:10:0.836
2017 5 22 23:12:43.968
2017 5 26 0:16:23.05
2017 5 27 19:22:17.144
2017 5 27 21:13:18.364
2017 5 27 21:15:6.528
2017 5 27 21:16:9.484
2017 5 27 23:2:26.698
2017 5 27 23:2:51.754
2017 5 27 23:3:29.496
2017 5 27 23:5:38.54
2017 5 27 23:6:1.666
2017 5 27 23:6:37.32
2017 5 27 23:8:25.666
2017 5 27 23:10:16.44
2017 5 28 1:3:23.232
2017 5 28 8:41:17.754
2017 5 29 1:22:18.396
2017 5 29 8:49:3.232
2017 5 29 18:16:57.83
2017 6 3 16:15:29.446
2017 6 10 22:34:29.666
2017 6 11 17:19:42.27
2017 6 12 8:18:32.804
2017 6 12 8:21:24.106
2017 6 12 8:22:37.138
2017 6 16 4:13:31.446
2017 6 16 7:51:4.792
2017 6 16 7:52:19.572
2017 6 16 7:58:37.672
2017 6 16 7:59:18.886
2017 6 16 7:59:46.188
2017 6 19 4:13:28.528
2017 6 21 21:41:0.484
2017 6 22 3:23:35.584
2017 6 26 2:9:52.83
2017 6 26 2:58:12.326
2017 6 27 21:59:6.754
2017 6 27 22:1:43.622
2017 7 1 21:45:29.358
2017 7 3 1:46:14.616
2017 7 3 20:25:54.534
2017 7 9 6:58:20.613
2017 7 9 8:49:16.613
2017 7 9 16:54:18.481
2017 7 9 16:54:30.827
2017 7 9 20:45:2.135
2017 7 11 17:42:42.135
2017 7 14 16:52:47.783
2017 7 16 19:28:39.437
2017 7 17 0:33:33.135
2017 7 17 10:26:33.437
2017 7 23 20:12:5.349
2017 7 24 12:57:30.525
2017 7 24 12:57:37.833
2017 7 25 20:56:7.827
2017 7 25 20:56:20.877
2017 7 26 11:50:14.399
2017 7 28 10:40:5.179
2017 7 31 19:28:3.827
2017 8 3 22:22:18.827
2017 8 5 13:44:51.047
2017 8 9 16:59:18.349
2017 8 14 13:12:45.399
2017 8 19 15:6:57.569
2017 8 19 16:53:10.267
2017 8 20 15:26:46.745
2017 8 23 14:41:35.833
2017 9 1 23:33:1.76
2017 9 2 3:14:42.05
2017 9 2 3:17:33.352
2017 9 2 5:10:3.106
2017 9 2 5:54:24.484
2017 9 3 1:45:48.924
2017 9 3 1:46:9.804
2017 9 3 5:33:26.138
2017 9 3 9:8:21.232
2017 9 3 9:10:12.006
2017 9 3 15:39:38.452
2017 9 3 15:41:22.804
2017 9 3 15:42:6.968
2017 9 4 11:24:16.446
2017 9 4 22:38:25.062
2017 9 4 22:46:1.572
2017 9 5 2:24:38.484
2017 9 5 3:10:36.408
2017 9 5 3:12:12.408
2017 9 5 6:5:25.396
2017 9 5 6:16:37.918
2017 9 5 9:52:41.188
2017 9 7 5:0:40.352
2017 9 8 0:39:5.012
2017 9 8 3:29:14.396
2017 9 12 5:39:26.314
2017 9 12 9:38:7.176
2017 9 13 4:18:1.71
2017 9 13 6:11:3.804
2017 9 14 2:40:5.446
2017 9 14 14:2:45.106
2017 9 14 14:3:28.748
2017 9 14 14:4:23.194
2017 9 14 21:29:50.094
2017 9 15 23:39:4.968
2017 9 16 5:11:54.534
2017 9 16 5:13:30.352
2017 9 18 8:1:50.672
2017 9 20 3:5:1.27
2017 10 8 4:0:1.314
2017 10 10 22:16:10.924
2017 10 11 6:53:10.044
2017 10 11 8:39:40.49
2017 10 11 8:47:20.132
2017 10 11 16:15:34.748
2017 10 12 0:31:18.886
2017 10 13 14:58:44.666
2017 10 13 18:50:20.974
2017 10 13 20:34:3.748
2017 10 14 2:57:35.402
2017 10 14 12:23:55.182
2017 10 14 19:55:22.276
2017 10 14 19:55:34.804
2017 10 14 22:59:17.396
2017 10 15 0:51:56.66
2017 10 16 1:14:22.094
2017 10 17 4:3:45.32
2017 10 17 7:53:18.006
2017 10 18 2:31:27.484
2017 10 18 2:31:58.962
2017 10 18 2:32:30.282
2017 10 18 2:33:3.326
2017 10 18 2:33:34.804
2017 10 18 8:15:8.534
2017 10 19 2:54:54.918
2017 10 19 2:55:24.308
2017 10 19 2:55:57.874
2017 10 19 6:43:27.238
2017 10 19 8:37:23.05
2017 10 19 10:28:11.402
2017 10 19 15:18:17.654
2017 10 19 15:21:40.094
2017 10 20 2:40:58.496
2017 10 20 2:41:12.748
2017 10 20 3:16:12.742
2017 10 20 3:16:29.446
2017 10 20 3:16:42.132
2017 10 20 5:11:1.754
2017 10 20 5:12:58.792
2017 10 20 5:13:33.924
2017 10 20 7:5:40.006
2017 10 20 10:49:26.616
2017 10 20 10:50:37.402
2017 10 21 7:27:24.93
2017 10 22 2:17:29.414
2017 10 22 5:55:33.874
2017 10 22 5:55:58.93
2017 10 22 5:56:11.094
2017 10 22 5:56:46.748
2017 10 22 9:41:10.918
2017 10 23 4:23:25.98
2017 10 23 4:23:42.66
2017 10 23 4:23:55.188
2017 10 23 4:24:28.754
2017 10 23 6:18:4.798
2017 10 24 13:25:47.44
2017 10 24 16:2:47.22
2017 10 24 22:49:42.54
2017 10 25 3:24:23.358
2017 10 26 5:29:50.578
2017 10 27 3:57:46.836
2017 10 27 3:58:51.358
2017 10 27 5:52:19.006
2017 10 28 4:21:25.572
2017 10 28 6:13:40.71
2017 10 28 6:15:35.66
2017 10 30 5:4:24.006
2017 10 31 5:25:53.974
2017 11 1 7:39:8.326
2017 11 2 0:38:47.358
2017 11 2 0:40:36.974
2017 11 2 0:41:2.484
2017 11 2 2:24:15.528
2017 11 2 6:9:43.358
2017 11 2 6:11:36.584
2017 11 2 7:25:55.182
2017 11 2 8:1:28.742
2017 11 2 16:47:29.936
2017 11 2 17:29:0.012
2017 11 2 18:31:18.792
2017 11 3 4:38:8.666
2017 11 3 7:46:48.496
2017 11 3 9:38:4.628
2017 11 7 0:36:43.936
2017 11 7 0:37:0.616
2017 11 7 0:37:42.012
2017 11 7 11:50:50.144
2017 11 7 13:33:4.748
2017 11 7 13:39:49.968
2017 11 7 13:41:23.88
2017 11 7 13:44:8.396
2017 11 7 13:45:40.742
2017 11 7 17:18:31.534
2017 11 7 17:20:1.27
2017 11 9 23:50:43.66
2017 11 10 14:39:22.968
2017 11 10 14:39:35.496
2017 11 10 14:41:36.528
2017 11 10 18:28:7.408
2017 11 15 20:29:47.71
2017 11 15 20:30:27.54
2017 11 15 22:22:53.798
2017 11 16 0:7:37.622
2017 11 16 11:11:53.918
2017 11 20 18:33:36.786
2017 11 21 0:0:33.83
2017 11 21 0:1:23.578
2017 11 21 17:2:21.27
2017 11 22 19:17:27.44
2017 11 23 23:21:43.874
2017 11 27 17:6:31.32
2017 11 28 8:3:43.446
2017 11 28 8:5:17.358
2017 12 1 3:51:18.091
2017 12 2 4:12:42.701
2017 12 2 6:1:30.135
2017 12 2 7:54:34.657
2017 12 3 6:23:55.091
2017 12 5 3:26:54.613
2017 12 5 5:12:33.701
2017 12 7 13:25:25.76
2017 12 8 2:34:53.748
2017 12 8 2:35:58.27
2017 12 8 6:18:22.27
2017 12 8 10:6:35.138
2017 12 8 23:15:57.32
2017 12 8 23:16:55.396
2017 12 9 1:5:34.704
2017 12 9 1:5:47.232
2017 12 9 1:10:3.754
2017 12 9 2:50:15.578
2017 12 9 2:53:29.484
2017 12 9 6:39:13.836
2017 12 9 6:39:36.804
2017 12 9 23:35:6.326
2017 12 10 1:17:11.83
2017 12 10 5:3:41.006
2017 12 10 8:55:10.754
2017 12 10 10:33:19.798
2017 12 10 10:34:20.144
2017 12 10 16:25:16.326
2017 12 10 20:15:32.088
2017 12 10 22:5:33.144
2017 12 10 23:43:40.578
2017 12 10 23:44:26.308
2017 12 10 23:55:24.056
2017 12 10 23:56:9.786
2017 12 11 1:36:42.672
2017 12 11 5:20:38.836
2017 12 11 5:23:55.012
2017 12 11 9:1:31.012
2017 12 11 9:11:46.842
2017 12 11 9:12:14.144
2017 12 11 9:13:48.056
2017 12 11 9:15:9.282
2017 12 11 11:10:49.402
2017 12 11 11:48:49.232
2017 12 11 11:49:49.578
2017 12 11 14:43:46.094
2017 12 11 14:44:21.748
2017 12 11 14:44:44.352
2017 12 11 14:45:47.15
2017 12 11 14:46:10.276
2017 12 11 14:46:53.76
2017 12 11 14:47:40.012
2017 12 11 14:50:56.006
2017 12 11 14:53:1.238
2017 12 11 14:59:40.194
2017 12 11 16:51:51.132
2017 12 11 16:52:53.93
2017 12 11 20:35:16.842
2017 12 11 22:12:55.836
2017 12 11 22:24:43.49
2017 12 12 0:1:16.672
2017 12 12 0:6:57.528
2017 12 12 0:7:12.144
2017 12 12 0:14:22.056
2017 12 12 0:14:34.584
2017 12 12 1:56:0.528
2017 12 12 1:56:23.496
2017 12 12 5:44:58.106
2017 12 12 9:38:7.282
2017 12 12 11:33:8.616
2017 12 12 13:26:1.88
2017 12 12 22:44:48.1
2017 12 13 0:23:17.138
2017 12 13 0:25:20.44
2017 12 13 0:25:43.408
2017 12 13 0:32:43.402
2017 12 13 0:36:3.572
2017 12 13 2:17:17.83
2017 12 13 6:0:11.54
2017 12 13 6:7:42.49
2017 12 13 9:44:49.144
2017 12 13 9:46:4.106
2017 12 13 9:46:49.836
2017 12 13 10:1:13.088
2017 12 13 13:32:47.672
2017 12 13 13:35:5.408
2017 12 13 13:37:29.748
2017 12 13 13:38:17.408
2017 12 13 19:28:7.502
2017 12 13 21:18:39.308
2017 12 13 22:54:18.088
2017 12 13 23:8:15.786
2017 12 14 0:44:54.754
2017 12 14 0:58:35.27
2017 12 14 8:25:22.056
2017 12 14 12:15:42.54
2017 12 14 14:11:24.974
2017 12 14 21:39:58.132
2017 12 14 23:21:14.66
2017 12 14 23:21:45.98
2017 12 14 23:22:46.666
2017 12 14 23:34:26.15
2017 12 14 23:35:13.786
2017 12 15 1:14:23.358
2017 12 15 6:57:50.654
2017 12 15 8:51:9.452
2017 12 15 16:26:23.496
2017 12 15 20:9:18.792
2017 12 15 21:59:2.056
2017 12 15 21:59:14.584
2017 12 15 23:46:13.194
2017 12 16 1:36:41.006
2017 12 16 5:22:22.93
2017 12 16 9:12:23.578
2017 12 16 11:5:48.616
2017 12 16 14:54:4.98
2017 12 16 18:39:31.018
2017 12 16 20:29:40.924
2017 12 16 22:17:38.314
2017 12 17 0:5:6.314
2017 12 17 0:6:11.358
2017 12 17 1:58:4.572
2017 12 17 5:45:24.54
2017 12 17 11:27:1.402
2017 12 17 12:3:40.006
2017 12 17 13:21:14.622
2017 12 17 14:0:0.182
2017 12 17 16:55:32.314
2017 12 17 17:8:47.458
2017 12 17 19:0:37.698
2017 12 17 19:1:17.006
2017 12 17 22:41:9.358
2017 12 18 0:29:41.402
2017 12 18 6:7:3.106
2017 12 18 13:38:9.32
2017 12 18 13:44:20.974
2017 12 18 19:23:37.786
2017 12 18 21:13:27.88
2017 12 18 23:6:25.616
2017 12 19 0:47:44.572
2017 12 19 0:48:3.364
2017 12 19 0:55:54.672
2017 12 19 4:35:29.754
2017 12 19 8:23:39.672
2017 12 19 10:21:4.71
2017 12 19 19:42:36.83
2017 12 19 21:32:57.358
2017 12 19 23:22:38.012
2017 12 19 23:23:42.874
2017 12 20 1:13:26.704
2017 12 20 4:57:16.49
2017 12 20 8:45:56.458
2017 12 20 12:35:7.22
2017 12 20 13:14:34.54
2017 12 20 20:6:12.094
2017 12 20 21:53:15.88
2017 12 20 21:56:58.88
2017 12 20 23:41:39.484
2017 12 21 22:21:21.569
2017 12 22 0:7:0.701
2017 12 22 1:58:59.135
2017 12 22 20:49:39.135
2017 12 22 22:41:40.613
2017 12 23 0:29:24.135
2017 12 23 2:20:20.657
2017 12 23 22:59:50.135
2017 12 24 0:50:46.657
2017 12 24 19:40:24.091
2017 12 24 21:31:21.135
2017 12 24 23:20:8.613
2017 12 25 1:10:0.613
2017 12 25 3:3:5.657
2017 12 25 21:52:40.569
2017 12 25 23:36:10.135
2017 12 26 1:31:22.657
2017 12 26 23:59:39.613
2017 12 27 1:54:52.135
2017 12 27 18:53:35.179
2017 12 27 22:32:14.135
2017 12 27 22:35:27.179
2017 12 28 0:22:5.091
2017 12 28 2:15:12.179
2017 12 28 22:53:36.657
2017 12 29 21:22:57.613
2017 12 29 23:13:55.701
2017 12 30 1:5:57.223
2017 12 30 3:0:4.701
2017 12 30 21:45:26.657
2017 12 30 23:35:17.657
2017 12 31 1:28:22.657
2017 12 31 20:19:3.135
2017 12 31 22:7:51.613
2017 12 31 23:56:40.657
2018 1 1 22:30:17.091
2018 1 2 0:18:3.179
2018 1 2 2:12:12.223
2018 1 2 21:1:47.091
2018 1 2 22:48:27.091
2018 1 3 0:40:28.657
2018 1 3 19:31:9.091
2018 1 3 23:10:52.091
2018 1 4 18:0:31.135
2018 1 4 19:51:25.569
2018 1 4 21:39:11.657
2018 1 4 23:31:11.657
2018 1 5 18:22:56.091
2018 1 5 22:1:36.091
2018 1 7 17:12:38.657
2018 1 7 20:54:30.613
2018 1 8 17:34:0.657
2018 1 9 19:47:23.657
2018 1 11 9:16:53.044
2018 1 11 14:55:6.628
2018 1 11 16:46:39.962
2018 1 11 18:39:33.704
2018 1 12 3:57:2.578
2018 1 12 4:36:27.446
2018 1 12 13:23:13.666
2018 1 12 17:9:13.792
2018 1 13 13:45:41.754
2018 1 13 21:54:19.408
2018 1 13 23:44:21.188
2018 1 13 23:46:51.61
2018 1 14 1:30:32.094
2018 1 14 1:32:31.062
2018 1 14 1:41:33.836
2018 1 14 1:43:9.654
2018 1 14 4:40:37.484
2018 1 14 12:58:20.748
2018 1 15 5:51:9.748
2018 1 16 0:12:51.446
2018 1 16 2:6:12.15
2018 1 16 9:52:42.188
2018 1 16 9:59:56.276
2018 1 17 0:35:6.804
2018 1 17 2:28:28.144
2018 1 17 6:33:39.496
2018 1 18 0:55:48.496
2018 1 20 0:2:38.657
2018 1 25 5:25:25.54
2018 1 25 5:42:9.364
2018 1 25 14:48:38.176
2018 1 25 16:41:36.458
2018 1 25 20:22:16.628
2018 1 26 2:12:54.654
2018 1 26 20:43:34.974
2018 1 27 4:31:26.918
2018 1 27 4:34:5.716
2018 1 27 11:48:19.05
2018 1 27 17:24:27.742
2018 1 27 19:16:20.276
2018 1 27 21:6:20.264
2018 1 28 1:6:1.496
2018 1 29 10:49:41.528
2018 1 29 18:7:50.572
2018 1 29 19:58:35.408
2018 1 30 3:42:42.194
2018 1 31 2:48:24.37
2018 1 31 4:41:7.672
2018 1 31 8:30:41.402
2018 1 31 8:32:25.754
2018 1 31 8:32:56.71
2018 1 31 16:58:11.106
2018 1 31 17:7:26.748
2018 1 31 22:22:41.654
2018 2 1 1:18:26.358
2018 2 1 5:3:28.792
2018 2 2 1:39:21.918
2018 2 2 2:55:10.276
2018 2 2 4:52:25.396
2018 2 2 5:25:15.484
2018 2 2 7:21:4.138
2018 2 2 9:15:5.012
2018 2 2 9:15:55.1
2018 2 2 9:16:9.352
2018 2 2 9:16:21.88
2018 2 2 18:33:3.414
2018 2 3 2:0:43.012
2018 2 3 2:13:0.056
2018 2 3 3:18:32.924
2018 2 3 7:42:44.364
2018 2 3 14:19:23.716
2018 2 3 15:14:38.484
2018 2 3 20:47:18.452
2018 2 3 22:40:27.83
2018 2 4 2:22:18.968
2018 2 4 4:15:15.66
2018 2 4 6:14:48.88
2018 2 4 8:5:2.918
2018 2 4 8:7:18.748
2018 2 4 8:8:4.842
2018 2 4 9:58:53.012
2018 2 4 11:50:53.534
2018 2 4 13:42:53.012
2018 2 4 17:25:33.308
2018 2 4 21:8:58.358
2018 2 5 0:51:26.534
2018 2 5 2:11:0.094
2018 2 5 4:37:20.238
2018 2 5 4:48:51.188
2018 2 5 4:49:3.874
2018 2 5 6:36:9.792
2018 2 5 8:27:15.188
2018 2 5 10:21:11.704
2018 2 5 12:12:8.226
2018 2 5 14:3:53.27
2018 2 6 4:25:8.848
2018 2 6 4:59:37.364
2018 2 6 8:49:21.534
2018 2 6 10:42:21.88
2018 2 6 12:37:58.414
2018 2 6 14:28:56.094
2018 2 7 1:35:10.654
2018 2 7 5:22:0.188
2018 2 7 7:18:59.49
2018 2 7 7:23:32.534
2018 2 7 9:11:10.974
2018 2 7 12:55:18.056
2018 2 7 14:47:25.886
2018 2 7 22:14:18.37
2018 2 8 1:56:12.276
2018 2 8 2:8:45.66
2018 2 8 5:44:26.71
2018 2 8 7:41:18.704
2018 2 8 9:32:54.49
2018 2 8 13:17:51.886
2018 2 8 21:54:44.54
2018 2 9 2:18:28.358
2018 2 9 8:1:28.534
2018 2 9 11:46:41.364
2018 2 9 13:38:46.742
2018 2 9 17:20:45.71
2018 2 10 0:46:56.276
2018 2 10 2:39:38.012
2018 2 10 4:40:7.924
2018 2 10 5:52:46.666
2018 2 10 6:29:12.22
2018 2 10 6:31:13.276
2018 2 10 6:31:28.05
2018 2 10 8:23:57.962
2018 2 10 10:16:4.27
2018 2 10 10:19:16.088
2018 2 10 12:10:32.106
2018 2 10 13:59:21.49
2018 2 10 17:42:0.402
2018 2 10 23:16:4.93
2018 2 11 0:32:3.704
2018 2 11 0:32:39.358
2018 2 11 3:1:36.572
2018 2 11 5:1:36.232
2018 2 11 6:51:29.754
2018 2 11 8:45:21.572
2018 2 11 10:37:26.27
2018 2 11 12:33:51.144
2018 2 11 23:39:14.572
2018 2 12 5:18:54.534
2018 2 12 7:14:47.748
2018 2 12 9:6:49.27
2018 2 12 10:58:57.1
2018 2 12 12:53:6.144
2018 2 12 20:16:58.27
2018 2 12 22:10:5.402
2018 2 13 1:51:54.27
2018 2 13 5:41:16.836
2018 2 13 7:36:18.056
2018 2 13 9:28:13.358
2018 2 13 11:22:11.962
2018 2 13 13:14:7.264
2018 2 14 0:20:49.49
2018 2 14 0:21:56.622
2018 2 14 2:13:47.226
2018 2 14 2:26:43.578
2018 2 14 4:13:39.012
2018 2 14 4:21:51.742
2018 2 14 6:3:34.666
2018 2 14 9:49:39.396
2018 2 14 11:42:37.314
2018 2 14 22:50:7.314
2018 2 15 2:35:51.282
2018 2 15 6:25:46.094
2018 2 15 6:31:14.106
2018 2 15 6:31:47.15
2018 2 15 8:21:1.226
2018 2 15 10:11:59.836
2018 2 15 10:18:50.798
2018 2 15 10:20:33.584
2018 2 15 12:5:9.012
2018 2 15 15:45:55.446
2018 2 15 19:40:9.188
2018 2 15 21:23:6.572
2018 2 16 1:9:36.27
2018 2 16 1:10:3.05
2018 2 16 2:58:25.314
2018 2 16 2:59:9.32
2018 2 16 3:10:40.27
2018 2 16 4:56:11.05
2018 2 16 6:4:11.572
2018 2 16 6:7:46.88
2018 2 16 6:47:49.49
2018 2 16 8:43:31.924
2018 2 16 10:31:22.37
2018 2 16 12:24:58.326
