Nd: 7.4%
Fp: 13.3
Or: ?
================
Détectés: 25/27
2017/04/11-18.83
2017/04/16-16.94
2017/04/20-18.3
2017/04/24-16.05
2017/04/25-16.43
2017/07/03-20.42
2017/10/16-1.23
2017/10/20-2.68
2017/11/10-18.46
2018/01/30-3.7
2018/02/06-4.41
2018/02/15-16.92
2017/07/09-16.9
2017/07/11-17.7
2017/07/14-16.87
2017/07/16-19.47
2017/07/23-20.19
2017/07/24-12.95
2017/07/28-10.66
2017/07/31-19.46
2017/08/03-22.37
2017/08/05-13.74
2017/08/19-15.11
2017/08/20-15.44
2017/08/23-14.69
======================
Non détectés: 2/27
2018/01/27-0.76
2017/08/14-13.21
=================================================
2017 2 20 7:26:2.748
2017 2 28 2:51:49.37
2017 3 1 1:17:52.018
2017 3 2 3:32:42.006
2017 3 5 18:26:33.132
2017 3 22 17:2:54.49
2017 3 29 17:43:58.578
2017 3 30 20:2:24.83
2017 3 30 20:3:17.188
2017 4 1 9:33:20.88
2017 4 4 8:41:55.748
2017 4 8 23:21:20.786
2017 4 8 23:21:31.226
2017 4 11 18:49:38.748
2017 4 11 18:49:57.698
2017 4 11 18:54:39.276
2017 4 11 18:57:41.018
2017 4 14 16:13:6.71
2017 4 16 16:56:32.062
2017 4 20 9:43:22.012
2017 4 20 12:44:3.182
2017 4 20 18:20:8.402
2017 4 20 18:20:25.106
2017 4 20 18:22:1.446
2017 4 20 18:22:37.1
2017 4 20 18:22:45.452
2017 4 20 18:22:59.704
2017 4 21 16:55:38.22
2017 4 22 8:33:19.962
2017 4 24 6:31:39.27
2017 4 24 6:32:4.326
2017 4 24 6:37:31.974
2017 4 24 14:14:13.848
2017 4 24 16:3:40.27
2017 4 24 16:5:1.496
2017 4 24 17:53:57.666
2017 4 24 17:54:27.056
2017 4 24 17:55:37.842
2017 4 24 19:46:30.71
2017 4 24 19:49:0.792
2017 4 25 16:26:3.66
2017 5 26 0:16:29.314
2017 5 27 23:2:16.1
2017 5 28 8:40:53.062
2017 6 18 3:50:46.572
2017 6 19 4:13:15.842
2017 6 21 21:40:56.15
2017 6 22 3:23:33.496
2017 6 22 3:23:52.446
2017 6 26 2:58:14.414
2017 6 27 22:1:43.622
2017 7 1 17:46:23.144
2017 7 3 20:25:50.358
2017 7 3 22:21:22.534
2017 7 9 16:54:29.783
2017 7 9 20:43:58.135
2017 7 11 17:42:44.223
2017 7 11 23:21:55.657
2017 7 14 16:52:40.135
2017 7 14 16:52:59.267
2017 7 16 19:28:38.915
2017 7 16 19:28:49.355
2017 7 23 20:11:24.657
2017 7 23 20:12:3.965
2017 7 24 12:57:29.481
2017 7 25 19:3:11.135
2017 7 25 20:55:12.179
2017 7 25 20:56:19.833
2017 7 25 20:56:21.921
2017 7 26 11:50:16.827
2017 7 26 11:50:21.525
2017 7 28 10:40:2.569
2017 7 28 10:40:15.437
2017 7 31 19:28:4.871
2017 8 3 22:22:18.827
2017 8 5 13:44:50.003
2017 8 5 13:44:53.657
2017 8 9 16:59:17.305
2017 8 11 19:38:57.135
2017 8 19 15:6:58.613
2017 8 19 16:53:9.745
2017 8 19 16:53:15.827
2017 8 20 15:26:46.745
2017 8 20 17:17:25.701
2017 8 23 14:41:34.789
2017 8 29 7:20:38.657
2017 9 2 5:54:24.484
2017 9 3 9:8:6.616
2017 9 3 15:41:22.804
2017 9 4 23:28:47.314
2017 9 5 2:25:45.094
2017 9 5 2:27:21.616
2017 9 5 3:10:46.484
2017 9 5 9:52:49.54
2017 9 5 9:54:29.534
2017 9 8 11:46:35.238
2017 9 8 14:50:28.792
2017 9 14 21:27:21.76
2017 9 16 3:19:30.842
2017 9 16 5:11:50.358
2017 9 16 5:12:4.974
2017 9 16 5:13:21.842
2017 9 17 13:18:55.918
2017 9 17 16:55:49.66
2017 9 18 8:2:11.71
2017 10 12 0:31:18.886
2017 10 13 14:58:42.578
2017 10 13 15:5:21.534
2017 10 13 17:43:32.622
2017 10 13 18:50:23.062
2017 10 14 19:55:20.188
2017 10 16 1:14:20.006
2017 10 16 1:14:40.886
2017 10 17 4:3:41.144
2017 10 19 6:43:23.062
2017 10 19 6:44:6.704
2017 10 19 6:44:42.176
2017 10 19 8:37:18.874
2017 10 19 10:28:7.226
2017 10 20 2:40:54.32
2017 10 20 3:16:10.654
2017 10 20 3:16:42.132
2017 10 20 3:17:13.452
2017 10 20 3:17:44.93
2017 10 20 5:10:57.578
2017 10 20 5:12:23.138
2017 10 20 7:5:35.83
2017 10 21 7:27:22.842
2017 10 22 2:17:23.15
2017 10 24 22:49:38.364
2017 10 25 3:24:23.358
2017 10 25 21:18:26.754
2017 10 27 5:52:14.83
2017 10 28 6:14:14.276
2017 11 2 0:40:34.886
2017 11 7 17:19:57.094
2017 11 10 18:28:3.232
2017 11 10 18:28:15.76
2017 11 21 9:23:41.314
2017 12 8 2:36:25.414
2017 12 8 6:18:45.238
2017 12 9 2:55:36.962
2017 12 9 2:56:39.396
2017 12 9 6:40:27.232
2017 12 9 6:40:39.76
2017 12 9 23:39:16.924
2017 12 10 1:26:5.006
2017 12 10 5:6:34.396
2017 12 10 8:55:10.754
2017 12 10 20:16:28.622
2017 12 10 22:7:36.742
2017 12 10 23:59:42.666
2017 12 11 0:0:45.622
2017 12 11 1:41:55.704
2017 12 11 1:43:23.012
2017 12 11 1:44:9.264
2017 12 11 5:27:4.742
2017 12 11 9:17:18.848
2017 12 11 11:11:46.094
2017 12 11 14:46:14.452
2017 12 11 14:46:22.44
2017 12 11 16:52:39.314
2017 12 11 20:36:13.534
2017 12 11 22:26:46.792
2017 12 12 0:16:46.056
2017 12 12 1:59:2.27
2017 12 12 2:1:15.49
2017 12 12 5:45:19.144
2017 12 12 5:47:16.024
2017 12 12 9:38:1.018
2017 12 12 11:33:2.352
2017 12 12 13:26:39.1
2017 12 12 22:48:6.182
2017 12 13 0:37:8.094
2017 12 13 2:23:52.452
2017 12 13 6:10:14.842
2017 12 13 9:45:28.452
2017 12 13 10:1:17.264
2017 12 13 11:57:4.238
2017 12 13 13:33:29.748
2017 12 13 13:37:29.748
2017 12 13 15:43:17.572
2017 12 13 21:21:7.666
2017 12 13 23:11:38.226
2017 12 13 23:12:5.37
2017 12 13 23:13:12.502
2017 12 14 0:49:43.094
2017 12 14 0:51:50.05
2017 12 14 0:53:59.616
2017 12 14 0:54:18.408
2017 12 14 0:54:28.848
2017 12 14 0:59:25.54
2017 12 14 1:0:11.27
2017 12 14 8:28:25.364
2017 12 14 8:28:45.314
2017 12 14 14:11:24.974
2017 12 14 21:42:34.842
2017 12 15 1:18:48.05
2017 12 15 6:56:6.326
2017 12 15 8:51:17.804
2017 12 16 1:39:4.666
2017 12 16 5:24:57.188
2017 12 16 9:13:34.704
2017 12 17 0:10:46.49
2017 12 17 2:0:18.314
2017 12 17 5:46:39.66
2017 12 17 11:29:13.056
2017 12 18 0:34:4.006
2017 12 18 6:9:43.628
2017 12 18 23:7:28.572
2017 12 19 0:57:6.138
2017 12 19 0:57:16.578
2017 12 19 4:36:23.836
2017 12 19 19:45:57.182
2017 12 19 23:27:17.842
2017 12 19 23:29:0.106
2017 12 19 23:29:52.44
2017 12 20 1:17:47.22
2017 12 20 4:59:2.93
2017 12 20 20:6:7.918
2017 12 20 21:56:54.704
2017 12 20 23:46:2.792
2018 1 11 18:38:56.326
2018 1 12 4:36:27.446
2018 1 12 17:9:9.616
2018 1 13 12:38:20.54
2018 1 16 0:12:45.182
2018 1 16 22:43:3.534
2018 1 17 0:34:20.71
2018 1 18 0:55:17.018
2018 1 25 5:25:8.836
2018 1 25 5:25:15.1
2018 1 25 14:47:48.27
2018 1 25 16:39:45.842
2018 1 25 20:19:56.622
2018 1 27 4:31:29.006
2018 1 27 4:34:3.628
2018 1 28 1:5:57.32
2018 1 30 3:42:44.282
2018 1 31 22:22:26.88
2018 2 2 2:55:6.1
2018 2 2 18:31:17.974
2018 2 3 2:0:38.836
2018 2 3 15:12:35.182
2018 2 3 20:47:3.836
2018 2 3 22:39:37.924
2018 2 4 2:22:14.792
2018 2 4 4:15:11.484
2018 2 4 17:24:34.71
2018 2 4 21:8:4.458
2018 2 5 0:51:22.358
2018 2 5 4:37:16.062
2018 2 5 12:11:59.874
2018 2 5 14:3:5.452
2018 2 6 4:25:6.76
2018 2 6 4:59:33.188
2018 2 6 8:49:17.358
2018 2 6 10:42:17.704
2018 2 6 18:7:24.27
2018 2 7 1:34:32.936
2018 2 7 5:21:56.012
2018 2 7 7:18:55.314
2018 2 7 9:11:6.798
2018 2 7 12:54:26.062
2018 2 7 14:45:50.044
2018 2 7 22:13:2.886
2018 2 8 1:56:8.1
2018 2 8 5:44:22.534
2018 2 8 7:41:16.616
2018 2 8 7:42:34.006
2018 2 8 9:32:50.314
2018 2 8 9:34:7.364
2018 2 8 9:34:43.018
2018 2 8 9:35:11.886
2018 2 8 9:35:47.54
2018 2 8 13:16:47.364
2018 2 8 21:54:46.628
2018 2 9 2:18:24.182
2018 2 9 8:1:24.358
2018 2 9 11:46:14.062
2018 2 9 13:37:58.924
2018 2 9 17:18:7.094
2018 2 10 0:46:52.1
2018 2 10 2:39:33.836
2018 2 10 2:44:57.308
2018 2 10 6:29:7.886
2018 2 10 6:31:9.1
2018 2 10 6:31:17.452
2018 2 10 8:23:53.786
2018 2 10 8:25:25.27
2018 2 10 8:27:28.05
2018 2 10 10:16:0.094
2018 2 10 10:17:19.754
2018 2 10 13:57:9.836
2018 2 10 23:16:0.754
2018 2 11 3:1:32.396
2018 2 11 3:6:53.804
2018 2 11 6:51:25.578
2018 2 11 6:55:12.71
2018 2 11 8:45:17.396
2018 2 11 10:37:22.094
2018 2 11 23:39:10.396
2018 2 12 5:18:50.358
2018 2 12 5:23:26.012
2018 2 12 7:14:45.66
2018 2 12 9:6:45.094
2018 2 12 9:10:28.232
2018 2 12 9:11:37.452
2018 2 12 10:58:42.484
2018 2 12 16:32:37.572
2018 2 12 22:8:47.83
2018 2 13 1:52:17.238
2018 2 13 1:52:32.534
2018 2 13 1:52:45.062
2018 2 13 5:41:12.66
2018 2 13 7:36:13.88
2018 2 13 7:38:54.584
2018 2 13 9:28:9.182
2018 2 14 0:22:4.974
2018 2 14 0:22:26.49
2018 2 14 0:22:36.93
2018 2 14 0:22:56.968
2018 2 14 0:23:9.496
2018 2 14 0:24:45.314
2018 2 14 0:25:12.616
2018 2 14 0:25:39.918
2018 2 14 2:13:43.05
2018 2 14 2:14:35.886
2018 2 14 2:17:54.15
2018 2 14 2:18:5.836
2018 2 14 2:18:20.452
2018 2 14 2:19:42.176
2018 2 14 4:13:34.836
2018 2 14 6:3:30.49
2018 2 14 6:8:16.22
2018 2 14 9:49:35.22
2018 2 14 11:40:29.836
2018 2 15 2:36:34.742
2018 2 15 2:36:47.27
2018 2 15 2:36:59.798
2018 2 15 2:37:20.836
2018 2 15 2:39:40.842
2018 2 15 2:40:1.88
2018 2 15 2:40:12.32
2018 2 15 2:40:47.974
2018 2 15 6:25:42.282
2018 2 15 6:29:33.408
2018 2 15 8:21:1.226
2018 2 15 8:22:13.918
2018 2 15 10:11:5.754
2018 2 15 12:2:59.628
2018 2 15 16:55:7.276
2018 2 15 21:22:14.578
2018 2 16 2:59:36.1
2018 2 16 4:56:6.874
2018 2 16 6:47:45.314
2018 2 16 8:43:29.836
