2017 11 21 9:23:47.578
2017 11 21 9:23:41.314
2017 11 21 9:22:38.54
2017 11 21 9:23:47.578
2017 11 21 9:22:42.716
2017 11 21 9:23:47.578
2017 11 21 9:23:47.578
2017 11 21 9:22:42.716
2017 11 21 9:23:49.666
2017 11 21 9:22:44.804
2017 11 21 9:23:47.578
2017 11 21 9:22:42.716
2017 11 21 9:22:40.628
2017 11 21 9:23:45.49
2017 11 21 9:23:43.402
2017 11 21 9:23:43.402
2017 11 21 9:23:43.402
2017 11 21 9:23:45.49
2017 11 21 9:23:43.402
2017 11 21 9:23:47.578
2017 11 21 9:23:43.402
2017 11 21 9:23:45.49
2017 11 21 9:23:43.402
2017 11 21 9:23:45.49
2017 11 21 9:23:43.402
2017 11 21 9:23:45.49
2017 11 21 9:22:40.628
2017 11 21 9:22:36.452
2017 11 21 9:22:38.54
2017 11 21 9:22:36.452
2017 11 21 9:22:38.54
2017 11 21 9:22:36.452
2017 11 21 9:22:38.54
2017 11 21 9:22:36.452
2017 11 21 9:22:36.452
2017 11 21 9:23:5.66
2017 11 21 9:23:5.66
2017 11 21 9:23:43.402
2017 11 21 9:23:37.138
2017 11 21 9:23:37.138
2017 11 21 9:23:37.138
2017 11 21 9:23:37.138
2017 11 21 9:23:39.226
2017 11 21 9:22:38.54
2017 11 21 9:23:39.226
2017 11 21 9:23:45.49
2017 11 21 9:22:38.54
2017 11 21 9:23:39.226
2017 11 21 9:22:38.54
2017 11 21 9:23:39.226
2017 11 21 9:23:39.226
2017 11 21 9:23:39.226
2017 11 21 9:23:39.226
2017 11 21 9:23:39.226
2017 11 21 9:23:39.226
2017 11 21 9:23:39.226
2017 11 21 9:23:39.226
2017 11 21 9:23:39.226
2017 11 21 9:23:37.138
2017 11 21 9:23:37.138
2017 11 21 9:22:36.452
2017 11 21 9:23:37.138
2017 11 21 9:23:37.138
2017 11 21 9:23:37.138
2017 11 21 9:23:37.138
2017 11 21 9:23:37.138
2017 11 21 9:23:37.138
