2017 5 28 4:38:8.27
2017 5 28 4:38:6.182
2017 5 28 4:38:8.27
2017 5 28 4:38:8.27
2017 5 28 4:38:8.27
2017 5 28 4:38:8.27
2017 5 28 4:38:8.27
2017 5 28 4:35:10.704
2017 5 28 4:35:8.616
2017 5 28 4:38:33.484
2017 5 28 4:39:10.704
2017 5 28 4:35:10.704
2017 5 28 4:35:8.616
2017 5 28 4:38:33.484
2017 5 28 4:39:10.704
2017 5 28 4:35:10.704
2017 5 28 4:35:10.704
2017 5 28 4:35:8.616
2017 5 28 4:38:33.484
2017 5 28 4:39:10.704
2017 5 28 4:35:10.704
2017 5 28 4:35:8.616
2017 5 28 4:38:33.484
2017 5 28 4:39:10.704
2017 5 28 4:35:10.704
2017 5 28 4:35:10.704
2017 5 28 4:35:8.616
2017 5 28 4:38:33.484
2017 5 28 4:39:10.704
2017 5 28 4:35:21.144
2017 5 28 4:35:23.232
2017 5 28 4:35:19.056
2017 5 28 4:35:14.88
2017 5 28 4:35:12.792
2017 5 28 4:35:12.792
2017 5 28 4:35:10.704
2017 5 28 4:35:10.704
2017 5 28 4:35:10.704
2017 5 28 4:35:58.886
2017 5 28 4:36:19.742
2017 5 28 4:38:10.358
2017 5 28 4:36:32.27
2017 5 28 4:38:8.27
2017 5 28 4:36:36.446
2017 5 28 4:36:38.534
2017 5 28 4:36:36.446
2017 5 28 4:36:38.534
2017 5 28 4:36:36.446
2017 5 28 4:36:34.358
2017 5 28 4:36:32.27
2017 5 28 4:38:8.27
2017 5 28 4:36:34.358
2017 5 28 4:36:32.27
2017 5 28 4:38:8.27
2017 5 28 4:36:34.358
2017 5 28 4:36:32.27
2017 5 28 4:38:8.27
2017 5 28 4:36:34.358
2017 5 28 4:36:32.27
2017 5 28 4:38:8.27
2017 5 28 4:36:32.27
2017 5 28 4:38:8.27
2017 5 28 4:38:6.182
2017 5 28 4:38:8.27
2017 5 28 4:38:6.182
2017 5 28 4:38:8.27
2017 5 28 4:38:6.182
2017 5 28 4:38:8.27
2017 5 28 4:38:6.182
2017 5 28 4:38:8.27
2017 5 28 4:35:10.704
2017 5 28 4:35:8.616
2017 5 28 4:38:33.484
2017 5 28 4:39:10.704
2017 5 28 4:35:21.144
2017 5 28 4:35:23.232
2017 5 28 4:35:19.056
2017 5 28 4:35:14.88
2017 5 28 4:35:12.792
2017 5 28 4:35:12.792
2017 5 28 4:35:10.704
2017 5 28 4:35:10.704
2017 5 28 4:35:10.704
2017 5 28 4:35:58.886
2017 5 28 4:36:19.742
2017 5 28 4:38:10.358
2017 5 28 4:36:32.27
2017 5 28 4:38:8.27
2017 5 28 4:36:36.446
2017 5 28 4:36:38.534
2017 5 28 4:36:36.446
2017 5 28 4:36:38.534
2017 5 28 4:36:36.446
2017 5 28 4:36:34.358
2017 5 28 4:36:32.27
2017 5 28 4:38:8.27
2017 5 28 4:36:30.182
2017 5 28 4:38:6.182
2017 5 28 4:36:30.182
2017 5 28 4:38:6.182
2017 5 28 4:36:30.182
2017 5 28 4:38:6.182
2017 5 28 4:38:6.182
2017 5 28 4:38:8.27
2017 5 28 4:38:6.182
2017 5 28 4:38:8.27
2017 5 28 4:38:6.182
2017 5 28 4:38:8.27
2017 5 28 4:38:6.182
2017 5 28 4:38:8.27
2017 5 28 4:35:12.792
2017 5 28 4:35:10.704
2017 5 28 4:35:10.704
2017 5 28 4:35:12.792
2017 5 28 4:35:10.704
2017 5 28 4:35:12.792
2017 5 28 4:35:10.704
2017 5 28 4:35:10.704
2017 5 28 4:35:12.792
2017 5 28 4:35:10.704
2017 5 28 4:35:10.704
2017 5 28 4:35:10.704
2017 5 28 4:35:12.792
2017 5 28 4:35:10.704
2017 5 28 4:35:10.704
2017 5 28 4:35:12.792
2017 5 28 4:35:10.704
2017 5 28 4:35:10.704
2017 5 28 4:35:10.704
2017 5 28 4:35:23.232
2017 5 28 4:35:21.144
2017 5 28 4:35:4.282
2017 5 28 4:36:49.132
2017 5 28 4:38:29.308
2017 5 28 4:39:6.528
2017 5 28 4:35:16.968
2017 5 28 4:35:10.704
2017 5 28 4:36:49.132
2017 5 28 4:38:31.396
2017 5 28 4:39:6.528
2017 5 28 4:35:21.144
2017 5 28 4:35:16.968
2017 5 28 4:36:49.132
2017 5 28 4:35:19.056
2017 5 28 4:35:16.968
2017 5 28 4:35:16.968
2017 5 28 4:35:16.968
2017 5 28 4:35:21.144
2017 5 28 4:35:16.968
2017 5 28 4:36:49.132
2017 5 28 4:35:19.056
2017 5 28 4:35:16.968
2017 5 28 4:35:16.968
2017 5 28 4:35:16.968
2017 5 28 4:35:10.704
2017 5 28 4:35:10.704
2017 5 28 4:35:16.968
2017 5 28 4:35:10.704
2017 5 28 4:35:10.704
2017 5 28 4:35:10.704
2017 5 28 4:35:12.792
2017 5 28 4:35:10.704
2017 5 28 4:35:10.704
2017 5 28 4:35:10.704
2017 5 28 4:35:21.144
2017 5 28 4:35:4.282
2017 5 28 4:36:49.132
2017 5 28 4:38:29.308
2017 5 28 4:39:6.528
2017 5 28 4:36:36.446
2017 5 28 4:38:12.446
2017 5 28 4:35:54.71
2017 5 28 4:36:30.182
2017 5 28 4:38:6.182
2017 5 28 4:38:8.27
2017 5 28 4:38:8.27
2017 5 28 4:38:8.27
2017 5 28 4:38:8.27
