2016 4 5 18:16:1.393
2016 4 5 18:16:6.091
2016 4 5 18:16:4.525
2016 4 5 18:16:2.437
2016 4 5 18:16:3.481
2016 4 5 18:16:4.525
2016 4 5 18:16:4.525
2016 4 5 18:16:4.003
2016 4 5 18:16:3.481
2016 4 5 18:16:5.047
2016 4 5 18:16:4.525
2016 4 5 18:16:2.437
2016 4 5 18:16:7.135
2016 4 5 18:16:4.525
2016 4 5 18:16:1.915
2016 4 5 18:16:1.393
2016 4 5 18:16:14.783
2016 4 5 18:16:1.915
2016 4 5 18:16:6.613
2016 4 5 18:16:1.393
2016 4 5 18:16:6.091
2016 4 5 18:16:1.915
2016 4 5 18:16:1.393
2016 4 5 18:16:6.091
2016 4 5 18:16:1.393
2016 4 5 18:16:6.091
2016 4 5 18:16:3.481
2016 4 5 18:16:2.959
2016 4 5 18:16:4.003
2016 4 5 18:16:4.525
2016 4 5 18:16:1.915
2016 4 5 18:16:7.135
2016 4 5 18:16:2.959
2016 4 5 18:16:5.047
2016 4 5 18:16:4.003
2016 4 5 18:16:3.481
2016 4 5 18:16:4.525
2016 4 5 18:16:2.959
2016 4 5 18:16:1.393
2016 4 5 18:16:14.783
2016 4 5 18:16:2.437
2016 4 5 18:16:1.915
2016 4 5 18:16:6.613
2016 4 5 18:16:2.959
2016 4 5 18:16:1.915
2016 4 5 18:16:2.437
2016 4 5 18:16:7.135
2016 4 5 18:16:1.915
2016 4 5 18:16:7.135
2016 4 5 18:16:2.959
