2016 3 28 19:7:11.915
2016 3 28 19:7:12.959
2016 3 28 19:7:14.003
2016 3 28 19:7:14.525
2016 3 28 19:7:13.481
2016 3 28 19:7:14.525
2016 3 28 19:7:14.003
2016 3 28 19:7:13.481
2016 3 28 19:7:12.959
2016 3 28 19:7:12.959
2016 3 28 19:7:11.915
2016 3 28 19:7:12.437
2016 3 28 19:7:11.915
2016 3 28 19:7:12.959
2016 3 28 19:7:11.915
2016 3 28 19:7:11.915
2016 3 28 19:7:14.003
2016 3 28 19:7:13.481
2016 3 28 19:7:14.525
2016 3 28 19:7:12.437
2016 3 28 19:7:13.481
2016 3 28 19:7:14.525
2016 3 28 19:7:14.003
2016 3 28 19:7:13.481
2016 3 28 19:7:11.915
2016 3 28 19:7:12.959
2016 3 28 19:7:12.437
2016 3 28 19:7:12.959
2016 3 28 19:7:12.437
2016 3 28 19:7:12.437
