2017 5 28 0:51:29.132
2017 5 28 0:51:31.22
2017 5 28 0:51:29.132
2017 5 28 0:51:31.22
2017 5 28 0:51:29.132
2017 5 28 0:51:31.22
2017 5 28 0:51:29.132
2017 5 28 0:51:29.132
2017 5 28 0:50:26.358
2017 5 28 0:50:26.358
2017 5 28 0:50:30.534
2017 5 28 0:50:30.534
2017 5 28 0:50:26.358
2017 5 28 0:51:31.22
2017 5 28 0:50:51.414
2017 5 28 0:50:59.924
2017 5 28 0:51:27.044
2017 5 28 0:51:31.22
2017 5 28 0:50:53.66
2017 5 28 0:51:31.22
2017 5 28 0:51:31.22
2017 5 28 0:51:31.22
2017 5 28 0:51:31.22
2017 5 28 0:50:53.66
2017 5 28 0:51:31.22
2017 5 28 0:51:31.22
