2020 6 25 18:26:14.76
2020 6 25 18:26:47.804
2020 6 25 18:26:16.848
2020 6 25 18:26:49.892
2020 6 25 18:26:12.672
2020 6 25 18:26:45.716
2020 6 25 18:26:12.672
2020 6 25 18:27:5.484
2020 6 25 18:26:18.936
2020 6 25 18:26:51.98
2020 6 25 18:26:12.672
2020 6 25 18:26:45.716
2020 6 25 18:26:12.672
2020 6 25 18:26:45.716
2020 6 25 18:26:14.76
2020 6 25 18:26:47.804
2020 6 25 18:26:49.892
2020 6 25 18:26:14.76
2020 6 25 18:26:47.804
2020 6 25 18:26:14.76
2020 6 25 18:27:5.484
2020 6 25 18:26:20.66
2020 6 25 18:26:55.044
2020 6 25 18:26:14.76
2020 6 25 18:26:47.804
2020 6 25 18:26:14.76
2020 6 25 18:26:47.804
2020 6 25 18:26:14.76
2020 6 25 18:26:47.804
2020 6 25 18:26:14.76
2020 6 25 18:26:47.804
2020 6 25 18:26:14.76
2020 6 25 18:26:47.804
2020 6 25 18:26:16.848
2020 6 25 18:26:49.892
2020 6 25 18:26:14.76
2020 6 25 18:26:47.804
2020 6 25 18:26:14.76
2020 6 25 18:26:47.804
2020 6 25 18:26:14.76
2020 6 25 18:26:47.804
2020 6 25 18:26:14.76
2020 6 25 18:26:47.804
2020 6 25 18:26:14.76
2020 6 25 18:26:47.804
2020 6 25 18:26:14.76
2020 6 25 18:26:47.804
2020 6 25 18:26:14.76
2020 6 25 18:26:47.804
2020 6 25 18:26:49.892
2020 6 25 18:26:14.76
2020 6 25 18:26:47.804
2020 6 25 18:26:14.76
2020 6 25 18:27:5.484
2020 6 25 18:26:16.848
2020 6 25 18:26:49.892
2020 6 25 18:26:12.672
2020 6 25 18:26:45.716
2020 6 25 18:26:14.76
2020 6 25 18:26:47.804
2020 6 25 18:26:14.76
2020 6 25 18:26:47.804
2020 6 25 18:26:14.76
2020 6 25 18:26:47.804
2020 6 25 18:26:12.672
2020 6 25 18:26:45.716
2020 6 25 18:26:12.672
2020 6 25 18:26:45.716
2020 6 25 18:26:12.672
2020 6 25 18:26:45.716
2020 6 25 18:26:12.672
2020 6 25 18:26:45.716
2020 6 25 18:26:14.76
2020 6 25 18:26:47.804
2020 6 25 18:27:1.308
2020 6 25 18:26:12.672
2020 6 25 18:26:45.716
2020 6 25 18:26:12.672
2020 6 25 18:27:3.396
2020 6 25 18:26:12.672
2020 6 25 18:26:45.716
2020 6 25 18:26:12.672
2020 6 25 18:26:45.716
2020 6 25 18:26:12.672
2020 6 25 18:26:45.716
2020 6 25 18:26:12.672
2020 6 25 18:26:45.716
2020 6 25 18:26:12.672
2020 6 25 18:26:45.716
2020 6 25 18:26:14.76
2020 6 25 18:26:47.804
2020 6 25 18:27:1.308
2020 6 25 18:26:12.672
2020 6 25 18:26:45.716
2020 6 25 18:26:16.848
2020 6 25 18:27:3.396
2020 6 25 18:26:12.672
2020 6 25 18:26:45.716
2020 6 25 18:26:12.672
2020 6 25 18:26:45.716
2020 6 25 18:26:12.672
2020 6 25 18:26:45.716
2020 6 25 18:26:12.672
2020 6 25 18:26:45.716
2020 6 25 18:26:12.672
2020 6 25 18:26:45.716
2020 6 25 18:26:14.76
2020 6 25 18:26:47.804
2020 6 25 18:27:1.308
2020 6 25 18:26:12.672
2020 6 25 18:26:45.716
2020 6 25 18:26:16.848
2020 6 25 18:27:3.396
2020 6 25 18:26:14.76
2020 6 25 18:26:47.804
2020 6 25 18:26:12.672
2020 6 25 18:26:45.716
2020 6 25 18:26:12.672
2020 6 25 18:26:45.716
2020 6 25 18:26:12.672
2020 6 25 18:26:45.716
2020 6 25 18:26:12.672
2020 6 25 18:26:45.716
2020 6 25 18:26:12.672
2020 6 25 18:26:45.716
2020 6 25 18:26:12.672
2020 6 25 18:26:45.716
2020 6 25 18:26:55.044
2020 6 25 18:26:12.672
2020 6 25 18:26:45.716
2020 6 25 18:26:12.672
2020 6 25 18:26:45.716
2020 6 25 18:26:12.672
2020 6 25 18:26:45.716
2020 6 25 18:26:12.672
2020 6 25 18:26:45.716
