2017 10 25 3:24:35.886
2017 10 25 3:25:29.786
2017 10 25 3:24:37.974
2017 10 25 3:25:12.924
2017 10 25 3:24:35.886
2017 10 25 3:25:29.786
2017 10 25 3:24:35.886
2017 10 25 3:25:29.786
2017 10 25 3:24:35.886
2017 10 25 3:25:29.786
2017 10 25 3:24:29.622
2017 10 25 3:24:27.534
2017 10 25 3:24:29.622
2017 10 25 3:24:25.446
2017 10 25 3:24:29.622
2017 10 25 3:24:27.534
2017 10 25 3:24:25.446
2017 10 25 3:24:23.358
2017 10 25 3:24:25.446
2017 10 25 3:24:25.446
2017 10 25 3:24:25.446
2017 10 25 3:24:25.446
2017 10 25 3:24:23.358
2017 10 25 3:24:25.446
2017 10 25 3:24:23.358
2017 10 25 3:24:25.446
2017 10 25 3:24:23.358
2017 10 25 3:24:25.446
2017 10 25 3:24:23.358
2017 10 25 3:24:25.446
2017 10 25 3:24:23.358
2017 10 25 3:24:23.358
2017 10 25 3:24:23.358
2017 10 25 3:24:27.534
2017 10 25 3:24:25.446
2017 10 25 3:24:25.446
2017 10 25 3:24:25.446
2017 10 25 3:24:27.534
2017 10 25 3:24:25.446
2017 10 25 3:24:25.446
2017 10 25 3:24:25.446
2017 10 25 3:24:25.446
2017 10 25 3:24:25.446
2017 10 25 3:24:25.446
2017 10 25 3:24:25.446
2017 10 25 3:24:35.886
2017 10 25 3:24:35.886
2017 10 25 3:25:29.786
2017 10 25 3:24:35.886
2017 10 25 3:24:35.886
2017 10 25 3:24:35.886
2017 10 25 3:25:29.786
2017 10 25 3:24:35.886
2017 10 25 3:24:35.886
2017 10 25 3:25:29.786
2017 10 25 3:24:35.886
2017 10 25 3:24:35.886
2017 10 25 3:24:35.886
2017 10 25 3:25:29.786
2017 10 25 3:24:35.886
2017 10 25 3:24:35.886
2017 10 25 3:25:29.786
2017 10 25 3:24:35.886
2017 10 25 3:23:20.402
2017 10 25 3:24:33.798
2017 10 25 3:25:0.396
2017 10 25 3:25:8.748
2017 10 25 3:25:23.364
2017 10 25 3:24:33.798
2017 10 25 3:24:44.238
2017 10 25 3:25:0.396
2017 10 25 3:25:8.748
2017 10 25 3:25:23.364
2017 10 25 3:25:2.484
2017 10 25 3:25:10.836
2017 10 25 3:24:44.238
2017 10 25 3:25:2.484
2017 10 25 3:25:12.924
2017 10 25 3:24:35.886
2017 10 25 3:24:35.886
2017 10 25 3:25:29.786
2017 10 25 3:24:35.886
2017 10 25 3:25:29.786
2017 10 25 3:24:35.886
2017 10 25 3:25:29.786
2017 10 25 3:24:35.886
2017 10 25 3:24:35.886
2017 10 25 3:25:29.786
2017 10 25 3:24:35.886
2017 10 25 3:24:35.886
2017 10 25 3:23:20.402
2017 10 25 3:24:33.798
2017 10 25 3:25:0.396
2017 10 25 3:25:12.924
2017 10 25 3:25:23.364
2017 10 25 3:24:23.358
2017 10 25 3:24:25.446
2017 10 25 3:24:23.358
2017 10 25 3:24:23.358
2017 10 25 3:24:23.358
2017 10 25 3:24:23.358
