2017 2 20 7:26:2.748
2017 2 28 2:51:49.37
2017 3 1 1:17:56.352
2017 3 1 20:42:51.98
2017 3 1 20:44:19.968
2017 3 2 3:32:42.006
2017 3 5 18:26:31.044
2017 3 6 0:6:25.326
2017 3 7 4:22:23.49
2017 3 7 4:22:57.056
2017 3 22 17:2:54.49
2017 3 22 18:56:11.358
2017 3 22 18:56:19.71
2017 3 22 19:12:23.886
2017 3 28 0:46:14.314
2017 3 29 17:43:58.578
2017 3 30 20:2:24.83
2017 3 30 20:2:37.358
2017 3 30 20:3:19.276
2017 4 4 8:41:55.748
2017 4 11 18:49:38.748
2017 4 11 18:49:59.786
2017 4 11 18:54:41.364
2017 4 11 18:57:41.018
2017 4 16 16:56:32.062
