2017 5 19 20:16:45.842
2017 5 19 20:16:43.754
2017 5 19 20:16:47.93
2017 5 19 20:16:45.842
2017 5 19 20:15:39.232
2017 5 19 20:16:41.666
2017 5 19 20:16:43.754
2017 5 19 20:16:45.842
2017 5 19 20:16:43.754
2017 5 19 20:16:43.754
2017 5 19 20:16:43.754
2017 5 19 20:16:43.754
2017 5 19 20:16:43.754
2017 5 19 20:16:35.402
2017 5 19 20:16:39.578
2017 5 19 20:16:41.666
2017 5 19 20:16:43.754
2017 5 19 20:16:39.578
2017 5 19 20:16:43.754
2017 5 19 20:16:41.666
2017 5 19 20:16:39.578
2017 5 19 20:16:37.49
2017 5 19 20:16:35.402
2017 5 19 20:16:33.314
2017 5 19 20:16:33.314
2017 5 19 20:16:33.314
2017 5 19 20:16:37.49
2017 5 19 20:16:33.314
2017 5 19 20:16:39.578
2017 5 19 20:16:39.578
2017 5 19 20:16:37.49
2017 5 19 20:16:35.402
2017 5 19 20:16:33.314
2017 5 19 20:16:35.402
2017 5 19 20:16:33.314
2017 5 19 20:16:35.402
2017 5 19 20:16:33.314
2017 5 19 20:16:35.402
