2020 1 3 7:19:36.742
2020 1 3 7:19:34.496
2020 1 3 7:19:45.094
2020 1 3 7:19:43.006
2020 1 3 7:19:34.496
2020 1 3 7:19:34.496
2020 1 3 7:19:36.742
2020 1 3 7:19:36.742
2020 1 3 7:19:45.094
2020 1 3 7:19:45.094
2020 1 3 7:19:36.742
2020 1 3 7:19:36.742
2020 1 3 7:19:36.742
2020 1 3 7:19:36.742
2020 1 3 7:19:36.742
2020 1 3 7:19:38.83
2020 1 3 7:19:36.742
2020 1 3 7:19:36.742
2020 1 3 7:19:36.742
2020 1 3 7:19:36.742
2020 1 3 7:19:36.742
2020 1 3 7:19:36.742
2020 1 3 7:19:36.742
2020 1 3 7:19:36.742
2020 1 3 7:19:45.094
2020 1 3 7:19:38.83
2020 1 3 7:19:34.496
2020 1 3 7:19:36.742
2020 1 3 7:19:36.742
2020 1 3 7:19:36.742
2020 1 3 7:19:34.496
2020 1 3 7:19:34.496
2020 1 3 7:19:34.496
2020 1 3 7:19:34.496
2020 1 3 7:19:34.496
2020 1 3 7:19:43.006
2020 1 3 7:19:34.496
2020 1 3 7:19:34.496
2020 1 3 7:19:34.496
2020 1 3 7:19:34.496
2020 1 3 7:19:34.496
2020 1 3 7:19:34.496
2020 1 3 7:19:43.006
2020 1 3 7:19:34.496
2020 1 3 7:19:34.496
2020 1 3 7:19:34.496
2020 1 3 7:19:34.496
2020 1 3 7:19:34.496
2020 1 3 7:19:34.496
2020 1 3 7:19:43.006
2020 1 3 7:19:36.742
2020 1 3 7:19:34.496
2020 1 3 7:19:34.496
2020 1 3 7:19:34.496
2020 1 3 7:19:34.496
2020 1 3 7:19:34.496
2020 1 3 7:19:34.496
2020 1 3 7:19:34.496
2020 1 3 7:19:34.496
2020 1 3 7:19:34.496
2020 1 3 7:19:34.496
